gamma sackin colless colless_corr colless_quad beta blum crown_age tree_height pigot_rho number_of_lineages nltt_base phylogenetic_div avg_ladder max_ladder cherries double_cherries four_prong il_number pitchforks stairs laplace_spectrum_a laplace_spectrum_p laplace_spectrum_e laplace_spectrum_g min_laplace max_laplace min_adj max_adj imbalance_steps j_one b1 b2 area_per_pair average_leaf_depth i_stat ew_colless max_del_width max_depth avg_vert_depth max_width mw_over_md tot_path tot_internal_path rogers stairs2 tot_coph var_depth symmetry_nodes mpd psv vpd mntd j_stat rquartet wiener max_betweenness max_closeness max_closenessW diameter eigen_centrality eigen_centralityW mean_branch_length var_branch_length mean_branch_length_int mean_branch_length_ext var_branch_length_int var_branch_length_ext treeness root_imbalance
gamma 1 0.134678019480439 0.181430012583516 0.128851776021425 0.00407834957582668 -0.215588122027283 0.24267990348693 0.235332859684388 0.235332859684388 0.477088123775786 -0.250225961000007 0.75724073030327 -0.415442788759772 0.139594287182245 0.140312221261909 -0.407008104567014 -0.223710846088543 0.170469627766935 0.407008104567014 -0.0544591653635461 0.274676405371911 0.638139380312725 0.305648840286706 0.182130257522302 -0.198973975041722 0.0444901391083652 0.242025517638057 -0.249728214548097 0.249709448949731 -0.0860539635233958 -0.079185886449163 -0.385629776423262 -0.19330743498983 0.00408186097490958 0.0229613653206164 0.236802965975814 0.319975659041127 -0.108949255331031 0.0860539635233961 0.0286112231477589 -0.065096633018359 -0.181888403764582 0.134678019480439 0.134678019480439 0.312298926633084 -0.276433636926126 -0.0206276431526715 0.00482713623354538 0.313581052195205 -0.110551833356024 -0.110551833356025 0.405579741271007 -0.334033515774186 0.0508863690768354 -0.166508358890695 -0.160729872167431 -0.0823432989446713 0.126367878336001 0.0014032937244994 0.0854143468900595 0.0289734167605228 0.0315223588924383 -0.201238581056456 0.0690953044186581 0.137805566098659 -0.334033505207431 0.351432301150544 -0.0447712182597695 0.575560683623417 0.128461147126749
sackin 0.134678019480439 1 0.938096764586421 0.55217307102602 0.690746584464549 -0.0395188645812251 0.573774585227922 0.035138275015521 0.035138275015521 0.310604490464499 0.993784821084526 -0.143551143266768 -0.0203248538874726 0.0243974812042351 0.153709121307994 -0.476645215732191 -0.342877744501488 0.331749263061672 0.476645215732192 -0.177165436168677 0.309220105219407 0.336078631453509 -0.500792268149827 -0.348279434192385 -0.330051156432128 0.266102336272028 0.033898197614466 -0.0455112035049262 0.0407969557402492 -0.0978294777973213 -0.18098201513922 -0.615883632885936 -0.437930773584136 -0.405292066783772 -0.139817220430995 0.33662479655887 0.446594764217389 -0.566056808277725 0.0978294777973209 -0.112938431988516 -0.529594756148051 -0.512826068289117 1 1 0.489145843777483 -0.371136866690503 0.633592359515827 0.422133653728435 0.52841802703118 -0.109297038178163 -0.109297038178163 0.143950229419653 0.0803630977731507 0.287975043471637 0.243490906999898 0.435234394823765 0.475159551442469 0.608106488760021 0.390031384793464 -0.14400346600675 0.50288640498825 -0.201026192251217 0.0653835111850824 0.111162700285721 0.00377439006231429 0.0803631096052818 0.0718244642240301 0.106864628959308 -0.195962688210209 0.124469038142729
colless 0.181430012583516 0.938096764586421 1 0.450593259548727 0.427702145687442 -0.11912609868321 0.777051198388343 0.094807730658981 0.094807730658981 0.301837532855576 0.978727419147089 0.00298329476535737 -0.0213378982241492 0.100503098793695 0.18954062764526 -0.524649922692555 -0.221903413941218 0.305502895521308 0.524649922692555 -0.381213804108448 0.315081344264631 0.364486849620321 -0.584122542474243 -0.152781291930251 -0.269126815486874 0.167079744187873 0.0818672353021843 -0.0525244716415449 0.0868967862657412 -0.389300985410157 -0.361013330389553 -0.725679298627893 -0.369123182457083 -0.0908556043018234 0.168174996641865 0.396335541311761 0.431807115889672 -0.613358351644049 0.389300985410156 0.192124488498383 -0.608811687333497 -0.61549756261902 0.938096764586421 0.938096764586421 0.468381869029329 -0.419571799698189 0.350841165778204 0.654916127561441 0.522229511704716 -0.0675650902368279 -0.067565090236828 0.156267554307308 0.0760256159223926 0.174893001986329 -0.0753600251439232 0.144280669468839 0.155998421438359 0.390046358568204 0.26148507273463 0.149077014778082 0.285678087717746 -0.229495174848441 0.0439937675619934 0.0933515680548362 -0.0431368138447611 0.0760256319752627 0.0355405441990476 0.100009762228922 -0.213221289625181 0.156848950377081
colless_corr 0.128851776021425 0.55217307102602 0.450593259548727 1 0.453941799579982 -0.490965510799034 0.319293409671068 0.0125529167997367 0.0125529167997367 0.391711034068006 -0.541319302953632 -0.099168297146945 -0.0470032974447938 0.358341115482323 0.427716928226341 -0.421344649834671 -0.283295503414172 0.279065715696185 0.421344649834671 -0.00557676815586187 0.639189399439696 0.448939574664392 -0.36194489819401 -0.295060965772113 -0.266747679100043 0.39771614150107 0.048893093901155 -0.184732493721459 0.0601420816114302 -0.0857249860351473 -0.529376467779026 -0.429330850338148 -0.716119655727963 -0.479180489981001 -0.0624986842975884 0.717031568552855 0.814258360232341 -0.456152225227865 0.0857249860351472 -0.0271780117364218 -0.521652072608978 -0.636063847295638 0.55217307102602 0.55217307102602 0.431232723477455 -0.772540222437255 0.446098945824254 0.235671461039774 0.444419611566101 -0.132077243648307 -0.132077243648307 0.0561370368388792 0.150091543227105 0.257671759072613 0.302108743121379 0.352588061743296 0.409156078202573 0.632210065063144 0.471404496257681 -0.24274367104202 0.488302878017795 0.0825551916017676 0.0891228311659786 0.152160941301457 -0.0925415146112309 0.150091551100502 -0.0899114561875211 0.279106602616987 -0.362301720045133 0.398824673348657
colless_quad 0.00407834957582668 0.690746584464549 0.427702145687442 0.453941799579982 1 0.113915799694659 -0.100959117743484 -0.082446073612554 -0.082446073612554 0.176454762080844 0.93071156621776 -0.354519575282874 -0.0293976912696624 -0.0668501124842456 0.0952865628738587 -0.263461047112058 -0.538015629116072 0.368937490587505 0.263461047112058 0.287079644774934 0.17043120762322 0.14458607390652 -0.0675669448606382 -0.543823210040868 -0.317871561742253 0.280238206790288 -0.0466837459655952 0.0371238294445532 -0.041501254304268 0.523016403450968 0.243914220274199 -0.182963044486182 -0.372499178628583 -0.835546957069466 -0.653857691710742 0.0976434752850223 0.268514556758324 -0.144282480667507 -0.523016403450969 -0.635814978086566 -0.0754799650418176 -0.0387455997814193 0.690746584464549 0.690746584464548 0.41440951164161 -0.125587417250994 0.994777949002486 -0.256011412752017 0.400029176299402 -0.133456144459452 -0.133456144459451 0.0474751248643294 0.0693009890133247 0.364432535967753 0.835981594419393 0.81559439499542 0.923330375950821 0.656214545985745 0.401011855113315 -0.668434199224482 0.610280630316491 -0.012380663227509 0.0932620081299601 0.119649744409045 0.103682653128177 0.0693009897792397 0.124456919679682 0.0881950175283126 -0.072878947111781 0.0283530890504492
beta -0.215588122027283 -0.0395188645812251 -0.11912609868321 -0.490965510799034 0.113915799694659 1 -0.336810810307712 -0.120216950431709 -0.120216950431709 -0.112327369336137 -0.130483237745761 -0.268830361187219 -0.0383856285631183 -0.622578554371274 -0.512478277641266 0.266311035895724 -0.0244218749986282 -0.172013102425099 -0.266311035895724 0.274107820600714 -0.35894981700752 -0.329660922356549 0.0980560807648264 -0.149836671070901 0.0402443107940736 -0.140428248819811 -0.156690959736303 0.0953446970932255 -0.163388447037486 0.439639425342967 0.701701005407185 0.324145791681796 0.425122038661348 -0.178194416119415 -0.427313705104184 -0.786772003455762 -0.521299943873539 0.254864003077524 -0.439639425342967 -0.441191628844637 0.273426597993654 0.523006110633266 -0.0395188645812252 -0.0395188645812252 -0.151557283723811 0.630354541234495 0.123812011561733 -0.335650632596372 -0.157597629954931 -0.00374281254356657 -0.00374281254356724 -0.0481874184516557 -0.0480666781134718 0.0869644400482057 0.123771001328405 0.115216286286963 0.143795357469049 0.127381788255484 -0.0857682913870961 -0.260785552411525 0.165531316762778 0.0114131377056654 -0.0131936605112653 -0.109263284808234 0.0660814877058507 -0.0480666936413697 0.0492816494485031 -0.195318204113749 0.0889372330464905 -0.490374493838726
blum 0.24267990348693 0.573774585227922 0.777051198388343 0.319293409671068 -0.100959117743484 -0.336810810307712 1 0.185755985317559 0.185755985317559 0.21923231994238 0.996731641550747 0.237178730390655 0.0522654172976714 0.274375415767234 0.256509336946915 -0.562923421340862 -0.0962571232816797 0.122568213027586 0.562923421340862 -0.635936680856069 0.435247086132255 0.318936500916157 -0.457031238814954 0.182581972061255 -0.0970304331904664 0.0551678824305807 0.152540120173802 -0.10917516229095 0.161135687265799 -0.752304184347263 -0.631525187699565 -0.86335203647777 -0.311877602968891 0.427959281779454 0.584252076485172 0.551059132942955 0.476867081284414 -0.579396837200052 0.752304184347263 0.601422530971645 -0.605444717362478 -0.695887554649283 0.573774585227923 0.573774585227923 0.467746226701138 -0.581806431823573 -0.165209565482433 0.83247533266767 0.514550541847986 0.0344561598421446 0.0344561598421443 0.144325632513853 0.061176246033531 -0.0361348060735821 -0.454158302391172 -0.204588736576548 -0.293020351364447 -0.00111053753274759 0.0373736281512286 0.648832957973653 -0.0391514490601016 -0.17794684450107 0.00198330297901182 0.0478386678891475 -0.124768536174988 0.0611762662371533 -0.0582331535291473 0.107350190696401 -0.249404050372264 0.205920929158454
crown_age 0.235332859684388 0.035138275015521 0.094807730658981 0.0125529167997367 -0.082446073612554 -0.120216950431709 0.185755985317559 1 1 0.212737583901053 0.128205038516451 0.31492913376996 0.626951033911541 0.220813597378131 0.173569626058633 -0.0678779421269962 -0.13338360323509 0.0340495811168322 0.0678779421269962 -0.121310072880214 0.210689031222069 0.287001165810464 -0.0154606567189033 0.810530478454252 0.0247855156954348 0.0923319446089072 0.972957116264234 0.375297262865242 0.975554534471791 -0.243153829484349 -0.140031091989824 -0.177384911982927 -0.00252173694118825 0.188947620288627 0.166150417955759 0.222441648480926 0.208822816778465 -0.0917351316202933 0.243153829484349 0.165836670684592 -0.125219299723434 -0.205755569700858 0.035138275015521 0.0351382750155211 0.106047609418413 -0.226426925956649 -0.0892812781784157 0.192319870296509 0.101836882399405 0.864094596259873 0.864094596259873 0.823587577876187 0.674833677703663 0.709672157397071 -0.0966684942804102 0.0200249543537647 -0.0949661448186507 -0.141225266837097 -0.56046611850918 0.271762171239847 -0.136332508835524 0.207611273730789 0.803945506012783 0.835499563923625 0.847750536281445 0.67483368078362 0.676439286795673 0.677919706022397 0.152559022118296 0.173135720412197
tree_height 0.235332859684388 0.035138275015521 0.094807730658981 0.0125529167997367 -0.082446073612554 -0.120216950431709 0.185755985317559 1 1 0.212737583901053 0.128205038516451 0.31492913376996 0.626951033911541 0.220813597378131 0.173569626058633 -0.0678779421269962 -0.13338360323509 0.0340495811168322 0.0678779421269962 -0.121310072880214 0.210689031222069 0.287001165810464 -0.0154606567189033 0.810530478454252 0.0247855156954348 0.0923319446089072 0.972957116264234 0.375297262865242 0.975554534471791 -0.243153829484349 -0.140031091989824 -0.177384911982927 -0.00252173694118825 0.188947620288627 0.166150417955759 0.222441648480926 0.208822816778465 -0.0917351316202933 0.243153829484349 0.165836670684592 -0.125219299723434 -0.205755569700858 0.035138275015521 0.0351382750155211 0.106047609418413 -0.226426925956649 -0.0892812781784157 0.192319870296509 0.101836882399405 0.864094596259873 0.864094596259873 0.823587577876187 0.674833677703663 0.709672157397071 -0.0966684942804102 0.0200249543537647 -0.0949661448186507 -0.141225266837097 -0.56046611850918 0.271762171239847 -0.136332508835524 0.207611273730789 0.803945506012783 0.835499563923625 0.847750536281445 0.67483368078362 0.676439286795673 0.677919706022397 0.152559022118296 0.173135720412197
pigot_rho 0.477088123775786 0.310604490464499 0.301837532855576 0.391711034068006 0.176454762080844 -0.112327369336137 0.21923231994238 0.212737583901053 0.212737583901053 1 -0.0433446809308467 0.424838491579672 -0.298730404134304 0.121383273812941 0.167765801790864 -0.377083379769659 -0.247090230652942 0.292255934850124 0.377083379769659 0.036244555597104 0.410604489728031 0.584501213870716 -0.171339574069872 0.0362721831814846 -0.396268929283583 -0.105678845958291 0.196629288269376 -0.326810967906749 0.207991747556739 -0.0568829658519702 -0.12689420676077 -0.348666523013322 -0.314429489773409 -0.21488132052583 -0.0885677277980981 0.334007601597708 0.455517464787274 -0.271346835064172 0.0568829658519702 -0.0733530624891704 -0.278198693157513 -0.328258393610961 0.310604490464499 0.310604490464499 0.381138567304175 -0.405812763939788 0.159335048314862 0.0783222014743946 0.383035648805053 -0.114505472901974 -0.114505472901975 0.301772597152351 -0.165182636715439 0.217535357864572 0.00635718091734603 0.0286495000010822 0.103565390547459 0.374409151963644 0.0987940472323313 -0.0271277942493199 0.321386522092448 0.132059287953083 -0.0754049155924998 0.0355747565223209 0.126831579877514 -0.165182636693859 0.26235056790164 -0.0429969828354376 0.22552117862298 0.211636263891466
number_of_lineages -0.250225961000007 0.993784821084526 0.978727419147089 -0.541319302953632 0.93071156621776 -0.130483237745761 0.996731641550747 0.128205038516451 0.128205038516451 -0.0433446809308467 1 0.582871511480447 0.833421026131726 0.201426361249287 0.5932225982683 0.995710974494763 0.700076321232521 0.945994399569235 0.985192672616101 0.979865378320551 0.0476601338351441 0.0705663584316466 0.735302492279113 0.767857580530527 0.166983662463609 -0.312942535636076 -0.0263510630012543 -0.143891621454598 -0.0274833120347409 0.998168216709408 -0.492045083571133 0.99794332272653 0.683968403972099 0.904059381655969 0.867121432008614 0.0160860353808501 -0.132076426849684 0.838611950788473 0.843708650654922 0.865582420085103 0.95248856750661 0.559909975187979 0.992612518789061 0.991076116988101 0.996739190647263 -0.025643063192912 0.931709667743796 0.647769667662348 0.997359662002705 0.0847729249426052 0.0847729249426046 -0.104837977365733 -0.169446998008555 -0.501799932093462 0.762411575025136 0.905652609869912 0.937541788092785 -0.612895422669201 -0.421548315250231 0.878256578518976 -0.756101742832582 0.00645952072868145 -0.228876506790646 -0.213814949575784 -0.273341112121943 -0.169447047430425 -0.202009989498843 -0.168816167213343 -0.0157911262848946 0.30085286545905
nltt_base 0.75724073030327 -0.143551143266768 0.00298329476535737 -0.099168297146945 -0.354519575282874 -0.268830361187219 0.237178730390655 0.31492913376996 0.31492913376996 0.424838491579672 0.582871511480447 1 -0.330688776612716 0.0893163613605375 0.0329366012415608 -0.258416443028094 0.0288376393972009 0.0918737477413676 0.258416443028094 -0.114685933278809 0.189572456802967 0.66790336509391 0.199344875189249 0.463706098384161 -0.298490006366548 -0.163780842278163 0.311260417214896 -0.329299950967784 0.31723759271763 -0.325462103573256 -0.233123679889789 -0.238214532305095 -0.0846874717347744 0.355985473221119 0.34771273416607 0.14462903985299 0.160476442812467 -0.0380064878739803 0.325462103573256 0.344637066029777 -0.02308312765283 -0.138577160715489 -0.143551143266768 -0.143551143266768 0.113386611690893 -0.187755819847376 -0.375922642710378 0.150117107521398 0.117206759316586 -0.0882768340589974 -0.088276834058998 0.393084254549141 -0.386115884309191 -0.178299398308221 -0.412182211039101 -0.422626629811491 -0.41859190635374 -0.232203787516 -0.182032518937044 0.373368882699702 -0.283014660146657 0.0965960081179747 -0.26671368504902 -0.0239662061886177 0.0744548530988054 -0.386115871677736 0.329489487833651 -0.159950605179567 0.570331617406815 0.284544302492771
phylogenetic_div -0.415442788759772 -0.0203248538874726 -0.0213378982241492 -0.0470032974447938 -0.0293976912696624 -0.0383856285631183 0.0522654172976714 0.626951033911541 0.626951033911541 -0.298730404134304 0.833421026131726 -0.330688776612716 1 0.103682359493863 -0.0144778579847402 0.275305025343902 0.0157878123669281 -0.197871979218822 -0.275305025343902 -0.154513227428584 -0.0653710722069304 -0.299650452914899 -0.0987583159944364 0.493769233871781 0.372746524659014 0.0170549325416268 0.605096078923288 0.497819947504314 0.602157543151032 -0.166008663601929 -0.0955104683592704 0.0852434029184129 0.113908517944787 0.185014139813904 0.135701725725573 0.0477692607077152 -0.0733338219422102 0.0384699601904595 0.166008663601929 0.133102953071515 -0.0712433506983059 -0.0799118139701506 -0.0203248538874726 -0.0203248538874727 -0.165957941073517 0.00790846183890152 -0.0134463018329845 0.21249830682546 -0.179910926392769 0.837160771316604 0.837160771316604 0.349638343139849 0.797889611508129 0.480527010831873 0.114537048790357 0.270372626868451 0.0461634124943682 -0.173572321290571 -0.353726702558275 0.214124030594613 -0.147132604568353 0.0898819770836776 0.804143466938077 0.649233274726259 0.593968504833591 0.797889615149968 0.256359858364135 0.633865198456779 -0.224069407985686 -0.0257981092931565
avg_ladder 0.139594287182245 0.0243974812042351 0.100503098793695 0.358341115482323 -0.0668501124842456 -0.622578554371274 0.274375415767234 0.220813597378131 0.220813597378131 0.121383273812941 0.201426361249287 0.0893163613605375 0.103682359493863 1 0.912276566157107 -0.293086911364361 -0.168277262147628 0.238001152556739 0.293086911364361 -0.296577073540714 0.549061108241894 0.234409650288209 -0.043288733030032 0.202797863386994 0.0737275076358559 -0.0960196946475488 0.254886065411857 0.0515078214145878 0.257696648213678 -0.384069897618357 -0.478117570272163 -0.378314395750054 -0.175978651909928 0.184396395351622 0.302658019785252 0.697313057527564 0.526341509500377 -0.0541188335327422 0.384069897618357 0.309407142374675 -0.0978762728527229 -0.325993888786547 0.0243974812042351 0.0243974812042351 0.291133745685094 -0.651302834709485 -0.0769872746439151 0.239685249682573 0.319534732237755 0.129131502591928 0.129131502591928 0.0640035256934192 0.181331702355108 -0.0138004389195859 -0.099663111184319 -0.0867461321380194 -0.100838164378277 -0.270298655465917 -0.058730992851198 0.292844950143586 -0.270372355864311 -0.0043564577530367 0.154316388715571 0.247206152545506 0.0437976163321345 0.181331709481074 0.0122641204197387 0.315618723070232 -0.153426374157423 0.297192180127217
max_ladder 0.140312221261909 0.153709121307994 0.18954062764526 0.427716928226341 0.0952865628738587 -0.512478277641266 0.256509336946915 0.173569626058633 0.173569626058633 0.167765801790864 0.5932225982683 0.0329366012415608 -0.0144778579847402 0.912276566157107 1 -0.418923907155472 -0.281152420108637 0.364414978429397 0.418923907155472 -0.200107378684745 0.623879838752087 0.24140907806593 -0.122619632248949 0.0584032417768034 0.0102575534284964 0.0671097629872773 0.196092893373308 -0.0123732370289403 0.193270425578101 -0.252172331656946 -0.348465413652874 -0.451949999593546 -0.154506706131389 0.0141942699948382 0.120791704294964 0.70011885954291 0.624647859904243 -0.0911970505659271 0.252172331656946 0.130903287851666 -0.153879427299 -0.331367715070391 0.153709121307994 0.153709121307994 0.425826763132754 -0.682948817506653 0.0827899735328146 0.173468106507325 0.473471614982967 0.0629641731379863 0.0629641731379863 0.101349560248482 0.148939566419899 0.102379221776185 0.00391613750146422 0.00659916933767924 0.0409441647877043 -0.0736400692492289 0.0146825185054248 0.154598635198969 -0.0639037908127036 -0.0693480769720193 0.136460117540729 0.216466269145145 0.0557684866241025 0.148939577563448 0.0597814363119268 0.251968602229359 -0.153934531773646 0.176144528512096
cherries -0.407008104567014 -0.476645215732191 -0.524649922692555 -0.421344649834671 -0.263461047112058 0.266311035895724 -0.562923421340862 -0.0678779421269962 -0.0678779421269962 -0.377083379769659 0.995710974494763 -0.258416443028094 0.275305025343902 -0.293086911364361 -0.418923907155472 1 0.420363943876081 -0.659905382950342 -1 0.0400233389892462 -0.74009368558947 -0.481647367944491 0.138189391340678 0.0488765107670883 0.320252861883188 -0.256999398164052 -0.0900200651932824 0.0899536965321091 -0.097548645290421 0.231379055497085 0.355775105960957 0.852622486276982 0.520934134564299 0.0659998062428944 -0.146683221271661 -0.554351826859079 -0.719095307141568 0.362697448782944 -0.231379055497085 -0.164697030523475 0.429695665289745 0.47916906490261 -0.476645215732191 -0.476645215732191 -0.908205113636911 0.67964897067637 -0.21523959850059 -0.218692247261141 -0.92272011639188 0.146146135878124 0.146146135878124 -0.101934382173527 0.0646651408456553 -0.0891310293986431 0.0124048043628827 0.0527409759467525 -0.0530555851882026 -0.216785023275635 -0.141554854831883 -0.131797818020608 -0.19451288588819 -0.0600612186963471 0.0817960490524521 -0.0231305411915942 0.106402061913315 0.0646651276096778 -0.019022455449764 -0.0625878421152751 0.126717686560986 -0.234977807812019
double_cherries -0.223710846088543 -0.342877744501488 -0.221903413941218 -0.283295503414172 -0.538015629116072 -0.0244218749986282 -0.0962571232816797 -0.13338360323509 -0.13338360323509 -0.247090230652942 0.700076321232521 0.0288376393972009 0.0157878123669281 -0.168277262147628 -0.281152420108637 0.420363943876081 1 -0.271916157963242 -0.420363943876081 -0.337341759538355 -0.479720640289729 -0.0796964798959482 -0.133537514598088 0.107351454216558 0.250762174634807 -0.141987358962711 -0.0866050131918109 0.109866322306902 -0.0992303817970913 -0.259784989444272 -0.0941711878710967 0.425476090171383 0.284619433158288 0.353736845756505 0.340137091761714 -0.240319779413494 -0.432008117686986 0.037666499928932 0.259784989444272 0.331116526759983 -0.110766927158059 -0.011616770469303 -0.342877744501488 -0.342877744501488 -0.647329781388222 0.335299287821526 -0.542710065652158 0.209408887165067 -0.659615503087877 -0.0495999782415589 -0.049599978241559 -0.138287955003982 -0.026905564736191 -0.254341811609307 -0.503667305452088 -0.533231708558526 -0.517889971433288 -0.303026510172213 -0.098991394877972 0.149378447534555 -0.282133407861939 0.0624760720730591 -0.0817779224329486 -0.0808209467454562 -0.160452090883083 -0.0269055695836037 -0.118064535280734 -0.0805031487677415 -0.0620618323885065 -0.0394253742685497
four_prong 0.170469627766935 0.331749263061672 0.305502895521308 0.279065715696185 0.368937490587505 -0.172013102425099 0.122568213027586 0.0340495811168322 0.0340495811168322 0.292255934850124 0.945994399569235 0.0918737477413676 -0.197871979218822 0.238001152556739 0.364414978429397 -0.659905382950342 -0.271916157963242 1 0.659905382950342 0.0350601722008983 0.492958299188887 0.383380304876312 0.00454373902563971 -0.111911522435651 -0.359945189464695 0.125498196995242 0.095296568996847 -0.0319981215719933 0.0978555459934562 0.00790779259373135 -0.145945009886379 -0.435559084230282 -0.387208546533734 -0.285186651633682 -0.0323850397941803 0.403673955704184 0.486743352694919 -0.120970411513982 -0.0079077925937314 -0.021625912559424 -0.150983545878584 -0.203844077253023 0.331749263061672 0.331749263061672 0.598440754061128 -0.422330285369701 0.329701599836695 -0.0441969774891202 0.604857667076743 -0.149567406262974 -0.149567406262974 0.016903959299077 -0.0332130499129132 0.0854970052665626 0.171134011065397 0.0349229983024039 0.177553314594531 0.179274527367418 0.184663611931378 -0.214153250128475 0.260535470954378 0.0952297012648372 -0.0234353791278948 0.0567541309357581 -0.00475690410345606 -0.0332130529351703 0.0841106607163266 0.0323480841778959 0.0278818417885298 0.365682239113749
il_number 0.407008104567014 0.476645215732192 0.524649922692555 0.421344649834671 0.263461047112058 -0.266311035895724 0.562923421340862 0.0678779421269962 0.0678779421269962 0.377083379769659 0.985192672616101 0.258416443028094 -0.275305025343902 0.293086911364361 0.418923907155472 -1 -0.420363943876081 0.659905382950342 1 -0.040023338989246 0.74009368558947 0.481647367944491 -0.138189391340678 -0.0488765107670885 -0.320252861883188 0.256999398164052 0.0900200651932824 -0.089953696532109 0.0975486452904209 -0.231379055497084 -0.355775105960957 -0.852622486276982 -0.520934134564299 -0.0659998062428947 0.146683221271661 0.554351826859079 0.719095307141568 -0.362697448782944 0.231379055497084 0.164697030523475 -0.429695665289745 -0.47916906490261 0.476645215732192 0.476645215732192 0.908205113636912 -0.679648970676369 0.21523959850059 0.218692247261141 0.92272011639188 -0.146146135878124 -0.146146135878124 0.101934382173527 -0.0646651408456553 0.0891310293986433 -0.0124048043628823 -0.0527409759467522 0.0530555851882029 0.216785023275636 0.141554854831884 0.131797818020607 0.19451288588819 0.060061218696347 -0.081796049052452 0.0231305411915942 -0.106402061913315 -0.0646651276096778 0.0190224554497641 0.062587842115275 -0.126717686560986 0.234977807812019
pitchforks -0.0544591653635461 -0.177165436168677 -0.381213804108448 -0.00557676815586187 0.287079644774934 0.274107820600714 -0.635936680856069 -0.121310072880214 -0.121310072880214 0.036244555597104 0.979865378320551 -0.114685933278809 -0.154513227428584 -0.296577073540714 -0.200107378684745 0.0400233389892462 -0.337341759538355 0.0350601722008983 -0.040023338989246 1 -0.030501849428811 -0.11260220350752 0.160685407841163 -0.249440661862064 -0.183365415635604 0.176539906706552 -0.126624060409672 -0.0181668318136895 -0.126488063076214 0.636081120111546 0.430633829316594 0.423279773430641 -0.00555093412086935 -0.524954944394511 -0.557170629833153 -0.360852291460127 -0.0455826574954167 0.259759175425106 -0.636081120111546 -0.55929888076233 0.252935847253488 0.339390191980347 -0.177165436168677 -0.177165436168677 -0.00475785863850924 0.256327709829544 0.333351270224857 -0.615865013170696 -0.0027162554498218 -0.073197147174545 -0.0731971471745452 0.0100914972923408 -0.112678181175304 0.173917495907473 0.484041521719795 0.334255277303524 0.406998039879729 0.287244612614254 0.0863185408971531 -0.577314230130083 0.221677352507938 0.10390694030593 -0.0397832976006394 -0.0533147501358547 0.117527298539181 -0.11267819552901 0.105128471665133 -0.103228455617168 0.202699401320137 -0.10512977752138
stairs 0.274676405371911 0.309220105219407 0.315081344264631 0.639189399439696 0.17043120762322 -0.35894981700752 0.435247086132255 0.210689031222069 0.210689031222069 0.410604489728031 0.0476601338351441 0.189572456802967 -0.0653710722069304 0.549061108241894 0.623879838752087 -0.74009368558947 -0.479720640289729 0.492958299188887 0.74009368558947 -0.030501849428811 1 0.492886232582777 -0.106808192209498 0.0808097302222925 -0.203169735452536 0.270381890965252 0.215275919084331 -0.158151455473396 0.224287669788642 -0.266988099100206 -0.455912625728788 -0.691297977058926 -0.505754609842598 -0.0883275501704849 0.125416289205687 0.718044164136107 0.919056835535741 -0.264234901854551 0.266988099100206 0.146388824581233 -0.346912278322469 -0.491601257750782 0.309220105219407 0.309220105219407 0.767016849584871 -0.896283561206265 0.156552698915723 0.217068411871543 0.7834201787435 -0.0157141548249092 -0.0157141548249096 0.122010085386003 0.0979118772959268 0.15294936746398 0.057569461867622 0.0788849196743472 0.107802554599405 0.206856722223901 0.109268855553801 0.141170122829812 0.163972192718692 0.130945524797164 0.0693487435690442 0.111700032054608 -0.0335010623268501 0.0979118855293605 -0.00364142266371999 0.201212098756028 -0.26766500255766 0.307898844245372
laplace_spectrum_a 0.638139380312725 0.336078631453509 0.364486849620321 0.448939574664392 0.14458607390652 -0.329660922356549 0.318936500916157 0.287001165810464 0.287001165810464 0.584501213870716 0.0705663584316466 0.66790336509391 -0.299650452914899 0.234409650288209 0.24140907806593 -0.481647367944491 -0.0796964798959482 0.383380304876312 0.481647367944491 -0.11260220350752 0.492886232582777 1 -0.124939367535926 0.130527396112187 -0.456712318742942 0.0644410822820373 0.359344260733364 -0.263802150321081 0.366794536970689 -0.20123785820819 -0.383725566517314 -0.425292713705135 -0.508754060409573 -0.145329901685774 0.127355882294845 0.457156812129557 0.54924854177924 -0.317214904028309 0.20123785820819 0.144853399351315 -0.328343399802232 -0.441364301107613 0.336078631453509 0.336078631453509 0.372046303754055 -0.529361514662549 0.11000272296054 0.180478906904657 0.367124113842104 -0.175728404492313 -0.175728404492314 0.295488920123066 -0.118965718760713 0.0577430795359091 -0.0938942153040643 -0.109386836666454 0.00976025915803554 0.213580823327427 0.173587501746818 -0.00551212711238716 0.156155924175098 0.29674754875076 -0.0874306412522254 0.150158702467224 -0.00248833018380355 -0.118965708017327 0.207955338741631 0.115206829278081 0.134893870372143 0.510596194450549
laplace_spectrum_p 0.305648840286706 -0.500792268149827 -0.584122542474243 -0.36194489819401 -0.0675669448606382 0.0980560807648264 -0.457031238814954 -0.0154606567189033 -0.0154606567189033 -0.171339574069872 0.735302492279113 0.199344875189249 -0.0987583159944364 -0.043288733030032 -0.122619632248949 0.138189391340678 -0.133537514598088 0.00454373902563971 -0.138189391340678 0.160685407841163 -0.106808192209498 -0.124939367535926 1 0.123690252890982 0.114985293374135 -0.0253888597215064 0.00278189442852187 -0.0393455053906762 0.0105391958120843 0.369058086283407 0.34467228870172 0.264340354840117 0.0730311037590639 -0.0256759932309276 -0.205854677393228 -0.279521792326882 -0.249754408783344 0.485438870188613 -0.369058086283407 -0.223657902500121 0.653077235448001 0.5935037724538 -0.500792268149827 -0.500792268149827 -0.055355486276559 0.258514134892629 -0.0313331440656873 -0.595742020821248 -0.119136291662553 -0.0120846757397367 -0.0120846757397368 -0.042124662834101 -0.225407236134111 -0.140366443438338 0.203731809300872 0.0351356865112212 0.0495774903039422 -0.254354159872758 -0.199239787024201 -0.144901027138285 -0.180724165002995 0.181030650400511 -0.131015161345751 -0.0791276540007417 0.112278478558778 -0.225407246622874 0.137752361265804 -0.153179424184904 0.446257980029937 -0.0186011517001949
laplace_spectrum_e 0.182130257522302 -0.348279434192385 -0.152781291930251 -0.295060965772113 -0.543823210040868 -0.149836671070901 0.182581972061255 0.810530478454252 0.810530478454252 0.0362721831814846 0.767857580530527 0.463706098384161 0.493769233871781 0.202797863386994 0.0584032417768034 0.0488765107670883 0.107351454216558 -0.111911522435651 -0.0488765107670885 -0.249440661862064 0.0808097302222925 0.130527396112187 0.123690252890982 1 0.172655730470734 -0.0936331816908595 0.765020841320192 0.260342079732991 0.766438497991774 -0.486834233155453 -0.264023262303752 -0.0569210534595958 0.180714415869248 0.629262104591554 0.53998917702502 0.0891401699259891 -0.0115866419026524 0.0683712959703766 0.486834233155453 0.52745905413713 0.0236197017221975 -0.0755660233809369 -0.348279434192385 -0.348279434192384 -0.0976126952493079 -0.0964818113517608 -0.555500306898575 0.279526406502486 -0.0982394187373737 0.723842269952399 0.723842269952399 0.541352219953081 0.453741961465337 0.303262362485607 -0.470411352565133 -0.419943100970455 -0.559006929202431 -0.577978434064025 -0.801404814695887 0.579865126514148 -0.53026731468335 0.216340994346627 0.545893446314157 0.510783399749034 0.594096308792167 0.453741962019745 0.424314095663961 0.41469452030778 0.174046799543697 0.175489694915069
laplace_spectrum_g -0.198973975041722 -0.330051156432128 -0.269126815486874 -0.266747679100043 -0.317871561742253 0.0402443107940736 -0.0970304331904664 0.0247855156954348 0.0247855156954348 -0.396268929283583 0.166983662463609 -0.298490006366548 0.372746524659014 0.0737275076358559 0.0102575534284964 0.320252861883188 0.250762174634807 -0.359945189464695 -0.320252861883188 -0.183365415635604 -0.203169735452536 -0.456712318742942 0.114985293374135 0.172655730470734 1 -0.0196134140676465 0.0133363346312878 0.18291036497536 -0.0021763593590039 -0.100820784204171 0.138644561227577 0.219978232033847 0.568374623486238 0.360502477372269 0.0878810576000382 -0.12978711450698 -0.22977089799943 0.180417226479848 0.100820784204171 0.0752719077312239 0.0630306462156157 0.143362875193053 -0.330051156432128 -0.330051156432128 -0.345212327934731 0.163149678826676 -0.299953650962928 0.0990925783618986 -0.294567374194633 0.274592400323419 0.274592400323419 -0.066512104199083 0.201516822259169 -0.0139207118990624 -0.181974463790482 -0.141836106714897 -0.221599855722691 -0.290071040930291 -0.224839457767141 0.252698931035538 -0.27178797201184 -0.119725484744177 0.201059898225367 0.0875147761529676 0.152426642731986 0.201516819605801 0.00135312094954347 0.105574596611485 -0.0371936397924378 -0.544397639793562
min_laplace 0.0444901391083652 0.266102336272028 0.167079744187873 0.39771614150107 0.280238206790288 -0.140428248819811 0.0551678824305807 0.0923319446089072 0.0923319446089072 -0.105678845958291 -0.312942535636076 -0.163780842278163 0.0170549325416268 -0.0960196946475488 0.0671097629872773 -0.256999398164052 -0.141987358962711 0.125498196995242 0.256999398164052 0.176539906706552 0.270381890965252 0.0644410822820373 -0.0253888597215064 -0.0936331816908595 -0.0196134140676465 1 0.0469447695246184 0.135254545911206 0.0538575169529969 0.194787823284484 -0.0133949391437977 -0.160769942591293 -0.270406909483808 -0.336562767473701 -0.241669180521005 0.202253464338173 0.416236868667985 -0.216375133657681 -0.194787823284484 -0.226067575385739 -0.169043444997292 -0.138081247451401 0.266102336272028 0.266102336272027 0.196135566292714 -0.26507545801541 0.283479076448628 -0.0491973355515216 0.211764084602037 0.0877031422039501 0.0877031422039499 0.132245013286506 0.213271275356928 0.445241358611056 0.20831784996532 0.24160828764608 0.284670187545923 0.458977704639225 0.0154157496155933 -0.253061877366101 0.411520547107072 -0.00921187050209336 0.220180507294576 0.11565558071359 0.151055523339133 0.213271277823623 0.0567467408817767 0.168306541946382 -0.211689941787159 -0.0202410431846692
max_laplace 0.242025517638057 0.033898197614466 0.0818672353021843 0.048893093901155 -0.0466837459655952 -0.156690959736303 0.152540120173802 0.972957116264234 0.972957116264234 0.196629288269376 -0.0263510630012543 0.311260417214896 0.605096078923288 0.254886065411857 0.196092893373308 -0.0900200651932824 -0.0866050131918109 0.095296568996847 0.0900200651932824 -0.126624060409672 0.215275919084331 0.359344260733364 0.00278189442852187 0.765020841320192 0.0133363346312878 0.0469447695246184 1 0.342452621899782 0.998695316869949 -0.223642731058509 -0.1764786324426 -0.165666660433795 -0.0676546631430801 0.135178968127235 0.166215424744418 0.242920099091116 0.217085986916174 -0.10240059394562 0.223642731058509 0.166967937921439 -0.150227961177927 -0.232548505942568 0.0338981976144657 0.0338981976144659 0.121425904909408 -0.242298058200465 -0.0546192468959117 0.158145524934603 0.107941020975602 0.817165551755291 0.817165551755291 0.822195566388723 0.682813144193812 0.681694204675151 -0.0645254476640135 0.00593809573966436 -0.0707592019075575 -0.141640345098373 -0.50831863090866 0.203894279348149 -0.125237692594307 0.31112623240211 0.795952715259441 0.886168432503322 0.808886711438788 0.682813144469915 0.68966598810125 0.714577506000665 0.140102046271174 0.249275191209044
min_adj -0.249728214548097 -0.0455112035049262 -0.0525244716415449 -0.184732493721459 0.0371238294445532 0.0953446970932255 -0.10917516229095 0.375297262865242 0.375297262865242 -0.326810967906749 -0.143891621454598 -0.329299950967784 0.497819947504314 0.0515078214145878 -0.0123732370289403 0.0899536965321091 0.109866322306902 -0.0319981215719933 -0.089953696532109 -0.0181668318136895 -0.158151455473396 -0.263802150321081 -0.0393455053906762 0.260342079732991 0.18291036497536 0.135254545911206 0.342452621899782 1 0.342763021874438 0.0861877788688205 0.178606210853819 0.105273991259633 0.204520913306071 0.0198139562264611 -0.0770547410556256 -0.0689452123498431 -0.174251571361535 0.0500679336737186 -0.0861877788688205 -0.0851955924545926 0.0602674714409016 0.113968070065938 -0.0455112035049262 -0.0455112035049262 -0.0658628099173788 0.153037219080628 0.0399149016426443 -0.0799062995369846 -0.0872638821314731 0.625840278484536 0.625840278484536 0.168230826097293 0.658583035674153 0.471540094564115 0.057872337720895 0.0737744305614196 0.0437465921133644 -0.141279221373736 -0.255041021889354 -0.056562980990102 -0.0799744073323141 0.0630996340159081 0.652937296755954 0.531985348027687 0.45256654649113 0.658583035917003 0.11585968014857 0.568581672537586 -0.18969640576278 -0.0813446340348116
max_adj 0.249709448949731 0.0407969557402492 0.0868967862657412 0.0601420816114302 -0.041501254304268 -0.163388447037486 0.161135687265799 0.975554534471791 0.975554534471791 0.207991747556739 -0.0274833120347409 0.31723759271763 0.602157543151032 0.257696648213678 0.193270425578101 -0.097548645290421 -0.0992303817970913 0.0978555459934562 0.0975486452904209 -0.126488063076214 0.224287669788642 0.366794536970689 0.0105391958120843 0.766438497991774 -0.0021763593590039 0.0538575169529969 0.998695316869949 0.342763021874438 1 -0.220698006593267 -0.18246264346042 -0.176180516152599 -0.0908820413972639 0.130238051430543 0.165321170281618 0.250037654399038 0.227785265947445 -0.103462711350133 0.220698006593267 0.166417681402395 -0.137536963982622 -0.226525775531209 0.0407969557402491 0.0407969557402493 0.129151247130576 -0.251678938822865 -0.0494480507524266 0.154721892148136 0.115713677323264 0.81406928377831 0.81406928377831 0.818145577013292 0.678785317885507 0.682054035577248 -0.0605033135762105 0.0141431244047252 -0.0649936858106092 -0.135105078140496 -0.5054561162784 0.202800340780234 -0.12112703318224 0.309612461230779 0.792477450134215 0.881324548609981 0.807127500096033 0.67878531832458 0.683111850899668 0.717687259808572 0.135090865828087 0.269262373586752
imbalance_steps -0.0860539635233958 -0.0978294777973213 -0.389300985410157 -0.0857249860351473 0.523016403450968 0.439639425342967 -0.752304184347263 -0.243153829484349 -0.243153829484349 -0.0568829658519702 0.998168216709408 -0.325462103573256 -0.166008663601929 -0.384069897618357 -0.252172331656946 0.231379055497085 -0.259784989444272 0.00790779259373135 -0.231379055497084 0.636081120111546 -0.266988099100206 -0.20123785820819 0.369058086283407 -0.486834233155453 -0.100820784204171 0.194787823284484 -0.223642731058509 0.0861877788688205 -0.220698006593267 1 0.787989746756559 0.482482066973365 0.0505811611297492 -0.756518388671477 -0.917003336181729 -0.475276601146399 -0.266006749232386 0.332343349472328 -1 -0.922589914659644 0.511031041836955 0.647665170264527 -0.0978294777973216 -0.0978294777973219 -0.054282245098639 0.455558613877599 0.576389465545353 -0.903010771704102 -0.102509624569147 -0.152628515991792 -0.152628515991792 -0.0845527224239158 -0.0963430083434558 0.214882199559287 0.692561337958385 0.543416606085123 0.669637733861232 0.456372063516554 0.237488281332244 -0.838624655508614 0.463048273966359 0.0585712587957479 -0.0364938524260722 -0.0484650814101873 0.0942707582988677 -0.0963430218502832 0.072899880265071 -0.100066424907882 0.19385622102464 -0.264787380867292
