gamma sackin colless colless_corr colless_quad beta blum crown_age tree_height pigot_rho number_of_lineages nltt_base phylogenetic_div avg_ladder max_ladder cherries double_cherries four_prong il_number pitchforks stairs laplace_spectrum_a laplace_spectrum_p laplace_spectrum_e laplace_spectrum_g min_laplace max_laplace min_adj max_adj imbalance_steps j_one b1 b2 area_per_pair average_leaf_depth i_stat ew_colless max_del_width max_depth avg_vert_depth max_width mw_over_md tot_path tot_internal_path rogers stairs2 tot_coph var_depth symmetry_nodes mpd psv vpd mntd j_stat rquartet wiener max_betweenness max_closeness max_closenessW diameter eigen_centrality eigen_centralityW mean_branch_length var_branch_length mean_branch_length_int mean_branch_length_ext var_branch_length_int var_branch_length_ext treeness root_imbalance
gamma 1 0.208415762332101 0.194135140681274 0.453221590101824 0.0854258944583364 -0.203709470439244 0.314558747132383 0.427054715125719 0.427054715125719 0.153663156453837 -0.373103967247182 0.585662170982026 0.254257798896288 -0.182340474244284 -0.164567754018357 0.255080250391058 0.0142471259826373 -0.279797421531775 -0.255080250391058 0.0116633748536869 -0.17693517422542 0.625620325890473 -0.0968582276999913 0.233552430386392 0.356912329412127 0.100582261494851 0.504192340508886 0.0549478042307132 0.513441042681095 -0.235785528631038 -0.365199779033397 0.100475316600062 -0.321020679428264 -0.120808698150234 0.142277683849268 0.103263664739018 -0.0266012461168959 -0.215319857560883 0.235785528631038 0.155606353023159 -0.333963585666814 -0.38717463191468 0.208415762332101 0.208415762332101 -0.337565463392437 -0.0307848584657991 0.107819816208033 0.33641891566618 -0.327632886195226 0.143984863883061 0.143984863883061 0.533480306134374 -0.0209008636638408 0.208079850697521 0.314617239817099 0.164273804869247 0.336268351205995 0.161490369833303 -0.0282553373769445 -0.0402900585331666 -0.0640952611919105 -0.240059603649967 0.131202934384864 0.48258001660914 0.340445231871123 -0.0208887324427724 0.48001133087404 0.525086929646173 0.604476831813828 0.318517131751093
sackin 0.208415762332101 1 0.98900693889726 0.578418411632264 0.969901337105605 0.0136076203596639 0.439214954205812 0.118807480959676 0.118807480959676 -0.132070460649007 0.979111150811332 -0.302094879559561 0.640410713051933 -0.106496214680804 -0.0339869393276816 0.52508850041052 0.0361752314325223 -0.617590555136559 -0.525088500410521 0.0706312275110549 -0.132994531938854 0.357611970422752 -0.873422384698306 -0.279326432835566 -0.116821335191229 0.0751350554952294 0.223306511788194 0.112859326454784 0.227639394458326 -0.363625163727192 -0.484361778792629 0.292111433845232 -0.829322784702424 -0.54527062136789 0.271419164957113 0.0862363021166444 0.0108524902588015 -0.687360049665895 0.363625163727191 0.298589936071499 -0.838229662014482 -0.758073810322824 1 1 -0.243331940763456 -0.0076539410925511 0.97667241553289 0.705234648975599 -0.198048799143078 0.051647868490782 0.0516478684907828 0.0615118297756689 0.269865288480629 0.307294490346033 0.805730745993111 0.934753466518151 0.655223818945527 0.471591350372698 0.46828381947612 -0.18812377508078 0.424732953531585 0.0681058973414718 0.265590618581738 0.216467675253634 0.218960620824153 0.269868251261123 0.187063804949308 0.202734440306956 -0.046852346646682 0.400732604041424
colless 0.194135140681274 0.98900693889726 1 0.548990308123567 0.968372593629244 -0.0313733891736861 0.468614942080078 0.143835303531632 0.143835303531632 -0.0889088946462189 0.924460784375243 -0.239172521734376 0.627334593731178 -0.0716589554427855 0.0491671634690284 0.493009626062539 -0.0176488460778449 -0.619229950246221 -0.493009626062541 0.0983126404815524 -0.0766401790993669 0.372755444002221 -0.868371398761033 -0.194880702688766 -0.155827567338175 0.0537613409667426 0.243265222167603 0.115933826991625 0.249840039162692 -0.455683154294383 -0.554815533284296 0.24892304936827 -0.835998938204679 -0.435096615542536 0.387260924443382 0.135478759204318 0.0580292397823204 -0.708243701865869 0.455683154294382 0.411725656843292 -0.856569624079233 -0.787784970961117 0.98900693889726 0.98900693889726 -0.188775883383235 -0.0717142498509523 0.965654381334695 0.763769706753882 -0.143538231087731 0.0703244230093256 0.0703244230093263 0.073571706642183 0.256781938524785 0.230550907507602 0.717840175464323 0.900340623569408 0.548166689605141 0.352426309629164 0.384619548099386 -0.0822561030544079 0.357051110530268 0.105749093133745 0.247614588506892 0.220467799611959 0.199938142470941 0.256785200638537 0.177108362948684 0.214494195790098 -0.0627669484424533 0.467231465757228
colless_corr 0.453221590101824 0.578418411632264 0.548990308123567 1 0.443204413633507 -0.425594755950439 0.663188385688222 0.209706280742542 0.209706280742542 -0.0985336440076856 -0.702666176086484 0.0915994549919659 0.220481398809772 0.16853589148073 0.125122519909391 -0.0248911080065688 -0.161950897444401 -0.142035376690527 0.024891108006568 -0.0706647995301237 0.261292748012618 0.592462975071564 -0.54424813802199 -0.166702755009619 0.0301640568427724 0.108541736019699 0.382148407264154 -0.236345810773795 0.401838186361905 -0.515107323261436 -0.674522899605899 -0.226463209679153 -0.753906237956105 -0.341644586830263 0.30172116964055 0.596547377099062 0.513969316271053 -0.439062154240197 0.515107323261436 0.331052515823621 -0.64544790696656 -0.745857429227958 0.578418411632264 0.578418411632264 0.0249970521106272 -0.517909643646821 0.466953725912543 0.698963721005119 0.0652921678028894 -0.147676160030464 -0.147676160030463 0.292756220234961 0.110767048700697 0.246826467706101 0.574340973589913 0.455075328854882 0.554763985552662 0.330676518760462 0.388718376730107 0.00846763988227914 0.232230325893996 0.0300985331231996 0.114455406032124 0.430208133734608 0.0945489880723997 0.110778447622267 0.32484922848531 0.470940486900086 -0.0473654054925407 0.325181577107879
colless_quad 0.0854258944583364 0.969901337105605 0.968372593629244 0.443204413633507 1 0.04208367481139 0.276481102528478 0.163532882974076 0.163532882974076 -0.157274273784956 0.765318438121144 -0.30784742800543 0.703866216770201 -0.0699071810717139 -0.00217704807418615 0.570701106605978 -0.0158001987229907 -0.629151812224234 -0.570701106605979 0.166756995868694 -0.128084559996314 0.292207847643493 -0.82444427270607 -0.194457720568188 -0.254886993420949 0.0854923647837586 0.228582123759884 0.176539699470186 0.227229810074715 -0.28804105103929 -0.377348999390929 0.375065313519146 -0.709496513347257 -0.517147536645904 0.234115748970646 0.0253351676979567 -0.0257629767089165 -0.699501792541026 0.288041051039289 0.256613390629234 -0.735912167106455 -0.641109659747062 0.969901337105605 0.969901337105605 -0.197878629353487 0.0432922281880718 0.997476519534497 0.615099552386082 -0.158296029088173 0.151990063289929 0.151990063289929 0.0752619006563589 0.322089150562584 0.284290624855923 0.731209513705969 0.956245330809039 0.548616426126927 0.403820097318879 0.377380268028232 -0.215099629721994 0.369475450748852 0.144679880975458 0.315421059660795 0.2006202393032 0.263802354728539 0.322090889971398 0.181859729783875 0.177823460639874 -0.0377259684575999 0.347051403307451
beta -0.203709470439244 0.0136076203596639 -0.0313733891736861 -0.425594755950439 0.04208367481139 1 -0.328137204788057 -0.00584934688589801 -0.00584934688589801 0.342456893390259 -0.1857066698514 -0.379833314877591 0.114174265942183 -0.295651369520671 -0.357417822682569 0.272392742438712 0.298569646374303 -0.192706087488623 -0.272392742438711 0.00725973667762428 -0.47715337673836 -0.218019425891398 -0.0512258226307767 -0.111784014190474 0.160844732504159 -0.131062114958571 -0.053718884080978 0.287068698576204 -0.0771719596575863 0.481505600956962 0.480857358051585 0.361719391875181 0.156915478754843 -0.327763871347315 -0.413059273704708 -0.585129332726955 -0.56361806015828 0.052760914352864 -0.481505600956962 -0.41291050683809 0.114329476535927 0.293146671134477 0.0136076203596638 0.0136076203596637 -0.29320891494786 0.62401410834338 0.0553479410313364 -0.345140265954143 -0.303370547960427 0.17303455530188 0.173034555301881 -0.0865093057706153 0.321891254093817 0.318249991770033 0.131293308456614 0.115160669817169 0.167732222824577 0.389651950811377 0.0691469475375802 -0.411890870798308 0.197584471203687 -0.361300738714983 0.263685763454097 -0.0644214022016799 0.124937461816747 0.321886337574245 -0.0847806358977927 -0.133694508033749 -0.129727996714744 -0.26427637431026
blum 0.314558747132383 0.439214954205812 0.468614942080078 0.663188385688222 0.276481102528478 -0.328137204788057 1 -0.125870073837552 -0.125870073837552 0.146121281478531 0.998394493583149 0.0961251228226167 -0.128558261521355 0.108216395226365 0.355977330273811 -0.27070443891368 -0.185311251009873 -0.106075353672928 0.270704438913679 -0.430729185182035 0.28614577648436 0.396960679742937 -0.470678683142346 -0.210388068435954 -0.00268421505679469 -0.0892674930220714 0.0482415881648604 -0.15741858538717 0.0891090241912008 -0.772370021067044 -0.848915262208717 -0.620082957320366 -0.776684712840361 0.187048229420653 0.68083790570781 0.619238952407497 0.456346423110572 -0.424425303217881 0.772370021067044 0.699294225604481 -0.689893745272752 -0.781391762491405 0.439214954205812 0.439214954205812 0.26098306011347 -0.601768505747683 0.272534561890829 0.821476660627024 0.294412337312477 -0.390656461417731 -0.39065646141773 -0.0532996611539498 -0.187513210926605 -0.127503249585399 0.210716198844989 0.133244628270416 0.162950963581428 -0.0478876448681093 0.269888220555793 0.500569669332927 -0.0384256025350504 0.00228918744048786 -0.23320332153889 0.123015794560131 -0.280765169700105 -0.187506566303685 0.00734170046631646 0.182033565038639 -0.291742477624588 0.396312557504892
crown_age 0.427054715125719 0.118807480959676 0.143835303531632 0.209706280742542 0.163532882974076 -0.00584934688589801 -0.125870073837552 1 1 0.198294697550142 0.120439041355446 0.515305018585864 0.532944718528732 0.154744571104812 0.0461728504824024 0.22371788874556 -0.0898317597363304 -0.113486554510086 -0.22371788874556 0.23092463340578 -0.109346314742606 0.560983178293566 -0.0909015121361467 0.814368145231488 -0.114672322759013 0.437104729701503 0.967094567336 0.373117122803067 0.955199150276098 -0.157757815426369 -0.169470257406016 0.22342231489622 -0.0903086051484096 -0.0947379531340554 0.154378031868771 0.104980719772986 0.00732376398745788 -0.177870088455429 0.157757815426369 0.156983211884061 -0.0304379493146664 -0.0781391722412657 0.118807480959676 0.118807480959676 -0.176640182005598 -0.00158034939739765 0.153717507758505 0.197167923412801 -0.181456933759701 0.778017216960726 0.778017216960727 0.956631008750282 0.68427797764985 0.435472476754574 0.0305928008484594 0.210300154953547 -0.0310045685776317 -0.0398777170198069 -0.549549194368356 -0.1194723577738 -0.178307742077726 0.106359222716247 0.759485737746121 0.904276384571446 0.790177444646897 0.684288612059857 0.849643368543996 0.881274120869523 0.344352914368103 0.302784776243426
tree_height 0.427054715125719 0.118807480959676 0.143835303531632 0.209706280742542 0.163532882974076 -0.00584934688589801 -0.125870073837552 1 1 0.198294697550142 0.120439041355446 0.515305018585864 0.532944718528732 0.154744571104812 0.0461728504824024 0.22371788874556 -0.0898317597363304 -0.113486554510086 -0.22371788874556 0.23092463340578 -0.109346314742606 0.560983178293566 -0.0909015121361467 0.814368145231488 -0.114672322759013 0.437104729701503 0.967094567336 0.373117122803067 0.955199150276098 -0.157757815426369 -0.169470257406016 0.22342231489622 -0.0903086051484096 -0.0947379531340554 0.154378031868771 0.104980719772986 0.00732376398745788 -0.177870088455429 0.157757815426369 0.156983211884061 -0.0304379493146664 -0.0781391722412657 0.118807480959676 0.118807480959676 -0.176640182005598 -0.00158034939739765 0.153717507758505 0.197167923412801 -0.181456933759701 0.778017216960726 0.778017216960727 0.956631008750282 0.68427797764985 0.435472476754574 0.0305928008484594 0.210300154953547 -0.0310045685776317 -0.0398777170198069 -0.549549194368356 -0.1194723577738 -0.178307742077726 0.106359222716247 0.759485737746121 0.904276384571446 0.790177444646897 0.684288612059857 0.849643368543996 0.881274120869523 0.344352914368103 0.302784776243426
pigot_rho 0.153663156453837 -0.132070460649007 -0.0889088946462189 -0.0985336440076856 -0.157274273784956 0.342456893390259 0.146121281478531 0.198294697550142 0.198294697550142 1 -0.187432020969737 0.357143964130664 -0.328524535940343 -0.236342978311964 0.0173497488095313 -0.135151173500813 -0.175679659846503 -0.0731749804337763 0.135151173500813 0.0105858396766612 -0.0281820900887491 0.231219570865674 0.103453524751966 0.336111759842754 -0.0714798848228027 -0.175585302712421 0.219189119902244 -0.136727761720721 0.221101401994994 -0.148241811971019 -0.172201782222887 -0.196528762823771 -0.0825674352266324 0.218239130627071 0.267391072401102 -0.118837955250437 -0.0976458406025171 -0.111814630396561 0.148241811971019 0.264571404393693 -0.00910044923844287 0.00877883576086012 -0.132070460649007 -0.132070460649007 0.187937423958902 0.0394282813285245 -0.179123983381243 0.0961158853652957 0.176146756919491 0.0309915040532 0.0309915040532006 0.163006815198529 0.0323294479567536 -0.0480082938570306 -0.353645840478282 -0.242257490219309 -0.330353368351838 -0.0859502608743082 -0.248548150529112 0.119281873206916 -0.256970493581171 -0.132005526172013 0.0186979330139597 0.161417522556217 -0.00399682579317164 0.032334779768969 0.0477127158639546 0.179897851174986 0.0992728767610708 0.168702400302733
number_of_lineages -0.373103967247182 0.979111150811332 0.924460784375243 -0.702666176086484 0.765318438121144 -0.1857066698514 0.998394493583149 0.120439041355446 0.120439041355446 -0.187432020969737 1 0.594559265214108 0.846617464266338 0.0826742722746745 0.474795870541607 0.995819461200832 0.86747436153544 0.936042472825806 0.988789883003532 0.982333666513427 0.160872390331631 -0.432706466688398 0.724520590773574 0.84850229157925 0.375341608789737 -0.294227115010358 0.0643561239315649 -0.069400480030785 0.0755642647021631 0.998670439135364 -0.461780138995918 0.998472306759209 0.600360410850034 0.944353218658735 0.899007751860466 0.0472966120248521 0.0109696540009294 0.831018502426134 0.842187118399859 0.895969194357959 0.956322946361139 0.670403360941838 0.975087817003992 0.969800876247386 0.997289312174735 -0.134992079919262 0.832706831806752 0.712054787818369 0.997604213556758 0.282932700304672 0.282932700304672 -0.154487095138825 -0.251987555509987 -0.616816728643136 0.927755493885823 0.920577669431592 0.975813946736942 -0.712697849053152 -0.709268280005171 0.89604671238442 -0.850918018219893 0.023498048981558 -0.274755559142199 -0.168064229603812 -0.250825978268696 -0.251989966122248 -0.238121307622145 -0.110046691021431 0.0859581653501315 0.193231990449777
nltt_base 0.585662170982026 -0.302094879559561 -0.239172521734376 0.0915994549919659 -0.30784742800543 -0.379833314877591 0.0961251228226167 0.515305018585864 0.515305018585864 0.357143964130664 0.594559265214108 1 -0.0785657035016994 0.0592473783275587 0.167811578958972 -0.101125994584262 -0.308169648863882 -0.00250942563062717 0.101125994584262 0.110292594732717 0.12310036038938 0.61744340471036 0.322308377018027 0.699316499160792 -0.124131498937227 -0.114543284302483 0.518116204553157 -0.106277207556044 0.529417334054978 -0.408172431050988 -0.385102944803687 -0.172660279122564 0.0431302135009547 0.484157536460072 0.456495888611969 0.215973359831119 0.130266599768598 -0.0517840043618147 0.408172431050989 0.446314433664298 0.153529601750324 -0.0043772281653025 -0.302094879559561 -0.302094879559561 0.123592749731355 -0.248146594847929 -0.33249070827734 0.195577374118386 0.101005013581276 0.127270139614486 0.127270139614486 0.615056622077103 -0.197546609762242 -0.321846548937576 -0.43764497949812 -0.359471202685593 -0.466784164080792 -0.552614842959743 -0.508545008868608 0.330183906649041 -0.593980554556768 0.0990187624355426 -0.0930015846853872 0.412277438044256 0.0955899174798177 -0.197534660027174 0.29827320817711 0.511153907383595 0.44447072470165 0.378786560269149
phylogenetic_div 0.254257798896288 0.640410713051933 0.627334593731178 0.220481398809772 0.703866216770201 0.114174265942183 -0.128558261521355 0.532944718528732 0.532944718528732 -0.328524535940343 0.846617464266338 -0.0785657035016994 1 -0.0594499249759975 -0.127718686612822 0.706503599462744 0.0505248107206632 -0.554389570829769 -0.706503599462745 0.332681613337625 -0.230671552728664 0.216531806934695 -0.44242467910135 0.17911010165667 -0.119013207183841 0.295089835964561 0.498067636472953 0.488824479227909 0.474884926170115 0.00099297014939796 -0.0821628036285792 0.651394502227192 -0.3382777696542 -0.450810657565088 -0.0116422166842238 -0.110419323700183 -0.149943923651182 -0.440662443660843 -0.000992970149399148 0.00104912199418425 -0.390257943742823 -0.283019422939588 0.640410713051933 0.640410713051933 -0.450698087954244 0.205781784385486 0.708926159199204 0.266513850448972 -0.433347149089722 0.59834323258527 0.59834323258527 0.438917364285875 0.53045759994434 0.455123325562749 0.595027367855051 0.786846712716365 0.449736776903938 0.293842657668726 0.0350202483436721 -0.300974688582074 0.242429615383848 -0.0359809645713599 0.604216480515609 0.423684657175293 0.640980757503742 0.530458968194817 0.48334791607406 0.368836517051707 0.282859164740745 0.222958929774369
avg_ladder -0.182340474244284 -0.106496214680804 -0.0716589554427855 0.16853589148073 -0.0699071810717139 -0.295651369520671 0.108216395226365 0.154744571104812 0.154744571104812 -0.236342978311964 0.0826742722746745 0.0592473783275587 -0.0594499249759975 1 0.833019446826449 -0.473988126627724 -0.166067874020166 0.223757511468598 0.473988126627723 0.0708656533408153 0.465348796782478 0.0868119820249454 0.0204127369855526 0.241265970367508 -0.128537139789955 0.102260473780868 0.1293754808827 -0.143099874025401 0.148859137493995 -0.193232717629941 -0.144845495299936 -0.400996655279345 0.0721578615538804 0.266664644927259 0.16185346575589 0.58178793736379 0.56488397076993 0.0239466901791918 0.193232717629941 0.159138254721576 -0.00539789772621635 -0.118785152467353 -0.106496214680804 -0.106496214680804 0.388281651955215 -0.536784403701599 -0.086090256375899 0.107997486649225 0.396732608132078 0.118831173098753 0.118831173098754 0.145797813621787 0.203773674851997 -0.0484508868577871 -0.216443352860078 -0.115350467969923 -0.235653872825581 -0.285927238552059 -0.282634280083634 0.325625154861144 -0.170460868124802 0.035327259940957 0.111102861410306 0.136856991281252 -0.0379809059916515 0.203774727681244 0.0410343327059372 0.155804809606566 -0.399574331715949 -0.149251628412221
max_ladder -0.164567754018357 -0.0339869393276816 0.0491671634690284 0.125122519909391 -0.00217704807418615 -0.357417822682569 0.355977330273811 0.0461728504824024 0.0461728504824024 0.0173497488095313 0.474795870541607 0.167811578958972 -0.127718686612822 0.833019446826449 1 -0.542406263235596 -0.354913341470365 0.136781018654878 0.542406263235595 0.0888183888638416 0.554796690409674 0.0251767316539621 0.0398700201580408 0.284535717821412 -0.355852980053023 -0.0371489192740629 0.0293698083936819 -0.134140092392235 0.0541982077111997 -0.436506861041599 -0.405408569861342 -0.565886673340215 -0.10896661565954 0.538912684209531 0.518845321384693 0.648974470473286 0.620986630603392 -0.250432686102554 0.436506861041599 0.513175814527468 -0.146096337944237 -0.237327479927439 -0.0339869393276816 -0.0339869393276815 0.616419135045603 -0.668815652168273 -0.0429238991890052 0.325441873991356 0.621520895887724 0.0313951295369228 0.0313951295369225 0.0122854371452946 0.0324217187953147 -0.246996472471784 -0.389132219494172 -0.164753996860628 -0.469230056012612 -0.490550550193833 -0.35450379670045 0.557291363722391 -0.302426159475676 0.102540568570902 -0.0581850772849358 0.0122288497484713 -0.178608207687678 0.032422135975543 -0.0759695012411239 0.0434934807600143 -0.378584028397105 0.0511137615124846
cherries 0.255080250391058 0.52508850041052 0.493009626062539 -0.0248911080065688 0.570701106605978 0.272392742438712 -0.27070443891368 0.22371788874556 0.22371788874556 -0.135151173500813 0.995819461200832 -0.101125994584262 0.706503599462744 -0.473988126627724 -0.542406263235596 1 0.356588381957486 -0.796693030050478 -1 0.128543325469915 -0.639729653220251 0.203191164875035 -0.35793933633537 -0.0559135082953264 0.10456691524713 0.0124377897072707 0.219992358570599 0.126644606486467 0.192558108423821 0.168198164430323 0.102543189010847 0.885237101474001 -0.189822275131293 -0.488336994350484 -0.176095458347977 -0.547590101920903 -0.636201379124552 -0.248039478832393 -0.168198164430324 -0.166478686375964 -0.318594912833565 -0.158501977669338 0.52508850041052 0.52508850041052 -0.772444371434953 0.629231445974199 0.584750331511318 0.0894923770808242 -0.767998793270467 0.252859829603653 0.252859829603653 0.212513295911254 0.184262166388922 0.270187379909357 0.567831371141892 0.672629237501108 0.481391798063873 0.384718401712384 0.223988911114168 -0.40259131250849 0.236841193556574 -0.137068444464124 0.267409188571549 0.146138854404432 0.358140244909876 0.184261161374758 0.220029905589686 0.110031308926181 0.375573477071455 0.152362801057795
double_cherries 0.0142471259826373 0.0361752314325223 -0.0176488460778449 -0.161950897444401 -0.0158001987229907 0.298569646374303 -0.185311251009873 -0.0898317597363304 -0.0898317597363304 -0.175679659846503 0.86747436153544 -0.308169648863882 0.0505248107206632 -0.166067874020166 -0.354913341470365 0.356588381957486 1 -0.276933767305048 -0.356588381957486 -0.372154768892934 -0.807809000065312 -0.128302035504541 -0.0042695926580626 -0.25071529401543 0.513201259576716 0.0486764020287233 -0.130331337752703 -0.0769844742338727 -0.142619707697911 0.251300881767441 0.293324714080581 0.411355882205078 0.0853010181310893 -0.340294936288215 -0.36426971136073 -0.468056102564827 -0.671027024190649 0.451956367589158 -0.251300881767442 -0.359204821792475 0.0618361895602772 0.108451492222222 0.0361752314325225 0.0361752314325225 -0.766022658364118 0.629947305169359 0.013825736816588 -0.167482630619617 -0.774923710659214 0.0449740281365537 0.0449740281365534 -0.0207062388483053 0.0933235156265128 0.290869088972535 0.260118915904198 0.102978258078858 0.351642882500771 0.371251982587642 0.197754958111624 -0.302060285701532 0.25252417633459 -0.413205568160423 0.127274559648325 -0.0610508069097197 0.154523274138634 0.0933214048987846 0.0832871274316224 -0.124058113433779 0.0791912435546196 -0.0630870334789232
four_prong -0.279797421531775 -0.617590555136559 -0.619229950246221 -0.142035376690527 -0.629151812224234 -0.192706087488623 -0.106075353672928 -0.113486554510086 -0.113486554510086 -0.0731749804337763 0.936042472825806 -0.00250942563062717 -0.554389570829769 0.223757511468598 0.136781018654878 -0.796693030050478 -0.276933767305048 1 0.796693030050479 -0.0955773888634162 0.491063303743267 -0.33858525084151 0.392630899138763 0.0947194118508292 -0.0036842580276836 0.248034411800408 -0.154516438627486 0.148209620875944 -0.154283081530739 0.158311835025221 0.249850310482299 -0.583318789763472 0.442683522254174 0.256298910051652 -0.180564071607709 0.332193118857019 0.446965261146213 0.392491704247758 -0.15831183502522 -0.193565243576603 0.526789370093309 0.387802851604843 -0.617590555136559 -0.617590555136559 0.56129000641485 -0.375104685604475 -0.626894462722371 -0.408753177142888 0.551007635441104 -0.0200934598880868 -0.0200934598880862 -0.146184655656806 0.0148435192434345 -0.0522535380510314 -0.454684416504273 -0.636867307829701 -0.33940277276161 -0.255484877567945 -0.301494696424915 0.098924539543031 -0.182467794847745 0.30478484193957 -0.0386552749737382 -0.0957003924347967 -0.112477557694103 0.0148413722712024 -0.0770353719829211 -0.11047626088318 -0.245808559031636 -0.273408352083765
il_number -0.255080250391058 -0.525088500410521 -0.493009626062541 0.024891108006568 -0.570701106605979 -0.272392742438711 0.270704438913679 -0.22371788874556 -0.22371788874556 0.135151173500813 0.988789883003532 0.101125994584262 -0.706503599462745 0.473988126627723 0.542406263235595 -1 -0.356588381957486 0.796693030050479 1 -0.128543325469915 0.639729653220251 -0.203191164875035 0.357939336335371 0.0559135082953269 -0.10456691524713 -0.0124377897072708 -0.219992358570599 -0.126644606486467 -0.192558108423821 -0.168198164430322 -0.102543189010846 -0.885237101474001 0.189822275131294 0.488336994350483 0.176095458347976 0.547590101920902 0.636201379124552 0.248039478832394 0.168198164430323 0.166478686375962 0.318594912833566 0.158501977669339 -0.525088500410521 -0.525088500410521 0.772444371434953 -0.629231445974197 -0.584750331511319 -0.0894923770808257 0.767998793270467 -0.252859829603653 -0.252859829603653 -0.212513295911253 -0.184262166388922 -0.270187379909357 -0.567831371141892 -0.672629237501109 -0.481391798063873 -0.384718401712383 -0.223988911114169 0.402591312508489 -0.236841193556574 0.137068444464124 -0.267409188571548 -0.146138854404432 -0.358140244909876 -0.184261161374757 -0.220029905589686 -0.11003130892618 -0.375573477071455 -0.152362801057796
pitchforks 0.0116633748536869 0.0706312275110549 0.0983126404815524 -0.0706647995301237 0.166756995868694 0.00725973667762428 -0.430729185182035 0.23092463340578 0.23092463340578 0.0105858396766612 0.982333666513427 0.110292594732717 0.332681613337625 0.0708656533408153 0.0888183888638416 0.128543325469915 -0.372154768892934 -0.0955773888634162 -0.128543325469915 1 0.267071891015915 0.00685223225630725 0.0821695994071977 0.277811464630065 -0.150019489505836 -0.00420939786382897 0.159679540722707 0.0321043179453797 0.142527091670033 0.16405755753279 0.114025743801988 0.403257639083372 0.0837740176892721 -0.164558559795948 -0.054234212348077 -0.156514135089063 0.146254754234263 -0.236193391476617 -0.16405755753279 -0.0587909489140402 0.0610452598435822 0.116713962956234 0.0706312275110547 0.0706312275110548 0.108681756859881 0.041021303486978 0.152843895493047 -0.12409152107757 0.112078828993344 0.275096479761288 0.275096479761287 0.119941648169022 0.149194753532485 0.034581779212872 -0.0212599199527204 0.180116723042014 -0.0774505039130518 0.00320080111677022 -0.197878234339411 -0.287592515481286 0.269741511148281 0.0734548781900162 0.183706974211113 0.0307600005882182 0.220714592037429 0.149194561756217 -0.00422418568774154 0.0429832968065945 0.266351336678657 0.160076015530768
stairs -0.17693517422542 -0.132994531938854 -0.0766401790993669 0.261292748012618 -0.128084559996314 -0.47715337673836 0.28614577648436 -0.109346314742606 -0.109346314742606 -0.0281820900887491 0.160872390331631 0.12310036038938 -0.230671552728664 0.465348796782478 0.554796690409674 -0.639729653220251 -0.807809000065312 0.491063303743267 0.639729653220251 0.267071891015915 1 -0.0383792023002027 0.0501871330298889 0.0864300463765107 -0.257860263780833 -0.00623407414102411 -0.0828391334944263 -0.066696983222877 -0.0646730517545768 -0.339886771226035 -0.324385186359422 -0.617664988715276 -0.0471747615290832 0.42217130663346 0.35058699539765 0.718537843244679 0.93233159007723 -0.16188698168598 0.339886771226035 0.346058600918143 -0.0739132306809331 -0.1954814707227 -0.132994531938854 -0.132994531938854 0.773817539428615 -0.867509890963822 -0.150696811028855 0.179640233402996 0.79492887761011 -0.153826377546857 -0.153826377546857 -0.175415345217424 -0.134444067232212 -0.319527293802551 -0.301306578542017 -0.233239854381987 -0.333014608930375 -0.41951078662099 -0.127181079327005 0.513029284537602 -0.150604825780441 0.255601692082346 -0.213821390613931 -0.115929184732095 -0.302245862845097 -0.13444283684779 -0.233930277732224 -0.0598872239919784 -0.327323708778785 -0.0188114235033226
laplace_spectrum_a 0.625620325890473 0.357611970422752 0.372755444002221 0.592462975071564 0.292207847643493 -0.218019425891398 0.396960679742937 0.560983178293566 0.560983178293566 0.231219570865674 -0.432706466688398 0.61744340471036 0.216531806934695 0.0868119820249454 0.0251767316539621 0.203191164875035 -0.128302035504541 -0.33858525084151 -0.203191164875035 0.00685223225630725 -0.0383792023002027 1 -0.424215833970382 0.357886929808936 0.0106004124150615 -0.0691870344398713 0.698636485877241 -0.210085345689874 0.719758463753715 -0.578365302937823 -0.642103644024539 -0.00768836707055611 -0.518381479143118 -0.0912259273085211 0.466705355835391 0.244709753531385 0.0932068431043761 -0.337130365251755 0.578365302937823 0.480767666403037 -0.390723694909782 -0.526938264958809 0.357611970422752 0.357611970422752 -0.135184739424322 -0.180479475870127 0.293030329136982 0.623187881759742 -0.119769299962558 -0.00943059603895625 -0.00943059603895459 0.662831909357809 0.0900959051184193 -0.0136559175664522 0.261385605777128 0.255656844672077 0.190099941985215 -0.0461098738394015 -0.048364910072357 0.0570018227221308 -0.219219493587233 0.0902655046273 0.116498696956298 0.655099377681812 0.147634231740397 0.0901108009290374 0.416867885970726 0.752669189947934 0.122949276963575 0.552943478542926
laplace_spectrum_p -0.0968582276999913 -0.873422384698306 -0.868371398761033 -0.54424813802199 -0.82444427270607 -0.0512258226307767 -0.470678683142346 -0.0909015121361467 -0.0909015121361467 0.103453524751966 0.724520590773574 0.322308377018027 -0.44242467910135 0.0204127369855526 0.0398700201580408 -0.35793933633537 -0.0042695926580626 0.392630899138763 0.357939336335371 0.0821695994071977 0.0501871330298889 -0.424215833970382 1 0.240378640706664 -0.0035639655146156 -0.0312866578686194 -0.233032098345702 -0.0522969799629793 -0.24134234099969 0.431152564487881 0.501024919619666 -0.118252296485496 0.769488435801692 0.489167487989738 -0.310331459714337 -0.148254701559152 -0.0733554514178495 0.475975755214748 -0.43115256448788 -0.334146071671252 0.774670471396176 0.751938936359732 -0.873422384698306 -0.873422384698306 0.158511596958488 0.0764102464950997 -0.832634478017558 -0.691752491538054 0.108486927589666 0.0490161642371046 0.049016164237103 -0.015936695367119 -0.298638066720924 -0.210740271515792 -0.724030434787274 -0.759340032461012 -0.601285751999857 -0.359791220947487 -0.388604130106019 0.12636786401193 -0.270814485681324 -0.158820337533027 -0.236696329893296 -0.237293769430868 -0.110214491356603 -0.298638526705906 -0.125914897229126 -0.238851176988967 0.256912707794783 -0.466531574045139
laplace_spectrum_e 0.233552430386392 -0.279326432835566 -0.194880702688766 -0.166702755009619 -0.194457720568188 -0.111784014190474 -0.210388068435954 0.814368145231488 0.814368145231488 0.336111759842754 0.84850229157925 0.699316499160792 0.17911010165667 0.241265970367508 0.284535717821412 -0.0559135082953264 -0.25071529401543 0.0947194118508292 0.0559135082953269 0.277811464630065 0.0864300463765107 0.357886929808936 0.240378640706664 1 -0.191893666478001 0.249657780224383 0.726173656421892 0.274670427660358 0.716899116309337 -0.224264961492179 -0.131313809156695 -0.0038574399883099 0.219710429208317 0.4071779767621 0.334295139494307 0.128054510998844 0.0818501904079048 0.00458605342664849 0.224264961492179 0.318399839662317 0.228659383777008 0.140520407982226 -0.279326432835566 -0.279326432835566 0.112751190580356 -0.120947132815004 -0.232669323908392 0.0438198708754367 0.0906602748371578 0.672170348118095 0.672170348118095 0.750270602415539 0.423107424282506 0.0400700097123333 -0.503318160159739 -0.244108048961026 -0.56347287738084 -0.515918155962171 -0.884585652466494 0.21704332493595 -0.494297744872786 0.177566563585192 0.474384233143769 0.621057375486584 0.516906141199817 0.423113141441537 0.560633495027897 0.624747850572414 0.279396906779481 0.307292931907105
laplace_spectrum_g 0.356912329412127 -0.116821335191229 -0.155827567338175 0.0301640568427724 -0.254886993420949 0.160844732504159 -0.00268421505679469 -0.114672322759013 -0.114672322759013 -0.0714798848228027 0.375341608789737 -0.124131498937227 -0.119013207183841 -0.128537139789955 -0.355852980053023 0.10456691524713 0.513201259576716 -0.0036842580276836 -0.10456691524713 -0.150019489505836 -0.257860263780833 0.0106004124150615 -0.0035639655146156 -0.191893666478001 1 0.127752349896951 -0.0798992780383548 -0.054922236070653 -0.082526529201137 0.118954845904844 0.159009402011519 0.14590234474168 0.127540778438887 -0.16544126251662 -0.307584836381674 -0.13339573078309 -0.174472049132744 0.514704820103433 -0.118954845904844 -0.302828669073289 -0.10499900121872 -0.126591577991485 -0.116821335191229 -0.116821335191229 -0.575744926863848 0.204085555313056 -0.213486050571193 -0.11578695590039 -0.558582364112856 -0.0679371760590047 -0.067937176059004 -0.054252484541689 0.012242253111483 0.24196870506719 0.224382351497502 -0.11701882387483 0.384879970220212 0.27398016512963 0.0917211424366017 -0.0103602720221581 0.202554505158062 -0.526969941715057 0.0307268656582582 -0.00071952566524311 0.0401532845923863 0.0122432712360207 0.0649264727195165 -0.0300888003326136 0.0725536292570666 -0.0583119277453407
min_laplace 0.100582261494851 0.0751350554952294 0.0537613409667426 0.108541736019699 0.0854923647837586 -0.131062114958571 -0.0892674930220714 0.437104729701503 0.437104729701503 -0.175585302712421 -0.294227115010358 -0.114543284302483 0.295089835964561 0.102260473780868 -0.0371489192740629 0.0124377897072707 0.0486764020287233 0.248034411800408 -0.0124377897072708 -0.00420939786382897 -0.00623407414102411 -0.0691870344398713 -0.0312866578686194 0.249657780224383 0.127752349896951 1 0.376699299972355 0.546163681587927 0.358352110184859 0.124020942126436 0.154298117829072 0.055712860486653 0.0314134385435023 -0.212029436222806 -0.205839207969611 0.137194779205471 0.0934653524859183 -0.02307621441388 -0.124020942126436 -0.200600554586572 -0.00592495413133549 -0.0185102559776687 0.0751350554952293 0.0751350554952293 -0.0633851571092484 -0.0160352059158241 0.0952628494340403 -0.0786642634301593 -0.0576813742007711 0.622651257848225 0.622651257848227 0.379840695491688 0.667574134404212 0.713835455141712 0.145344874323441 0.154562899476086 0.155502731625994 0.268147221276094 -0.311345731866095 -0.152410945976951 0.179717860467596 0.178489014923981 0.70830728415138 0.501826098788286 0.679006535194009 0.667574076366245 0.721294519937366 0.36650078305955 0.0882293914325896 -0.0683829818988741
max_laplace 0.504192340508886 0.223306511788194 0.243265222167603 0.382148407264154 0.228582123759884 -0.053718884080978 0.0482415881648604 0.967094567336 0.967094567336 0.219189119902244 0.0643561239315649 0.518116204553157 0.498067636472953 0.1293754808827 0.0293698083936819 0.219992358570599 -0.130331337752703 -0.154516438627486 -0.219992358570599 0.159679540722707 -0.0828391334944263 0.698636485877241 -0.233032098345702 0.726173656421892 -0.0798992780383548 0.376699299972355 1 0.263947232697721 0.997721391198596 -0.274348354331503 -0.324707345592817 0.149251571442974 -0.255805269635025 -0.136704328758177 0.242667451908123 0.188500852368414 0.0653476879482249 -0.259318003943526 0.274348354331503 0.250696518268073 -0.177304338882673 -0.237148623168 0.223306511788194 0.223306511788194 -0.168769341987698 -0.0806830228221493 0.223970406931105 0.350857107044463 -0.165244332823631 0.625734850643023 0.625734850643025 0.956345920551937 0.625072129803655 0.396742120159433 0.137445570012318 0.2606822649246 0.0774389671800443 0.00267405118388333 -0.422369038913407 -0.0978820446202143 -0.168472712152658 0.134372664233075 0.683480294957066 0.957667891922509 0.695609951350747 0.625085202129922 0.845474420069778 0.957834401720815 0.277490700097507 0.373623388395401
min_adj 0.0549478042307132 0.112859326454784 0.115933826991625 -0.236345810773795 0.176539699470186 0.287068698576204 -0.15741858538717 0.373117122803067 0.373117122803067 -0.136727761720721 -0.069400480030785 -0.106277207556044 0.488824479227909 -0.143099874025401 -0.134140092392235 0.126644606486467 -0.0769844742338727 0.148209620875944 -0.126644606486467 0.0321043179453797 -0.066696983222877 -0.210085345689874 -0.0522969799629793 0.274670427660358 -0.054922236070653 0.546163681587927 0.263947232697721 1 0.245716148265036 0.150710341698785 0.22573350265184 0.141237054230989 0.0933307925114005 -0.0704825491286292 -0.124003809579733 -0.0432620884653021 -0.0792455416921246 -0.118624360543463 -0.150710341698786 -0.127176704501791 0.00699830812821669 0.0754160961143589 0.112859326454784 0.112859326454784 -0.0455761654736545 0.121379197469148 0.171676070545147 -0.106336060894003 -0.0438197585639046 0.681375678206698 0.6813756782067 0.232915915876368 0.543147400518488 0.449273267597899 0.0974651012861939 0.216738965199985 0.0318666143228228 0.063423208755635 -0.327205391459106 -0.0651733517956167 0.00526429409378277 0.0346370341980965 0.588593095675041 0.277433975735591 0.584012564153007 0.543146376561719 0.418866492702394 0.176780283256204 0.118011836311266 -0.10096242386864
max_adj 0.513441042681095 0.227639394458326 0.249840039162692 0.401838186361905 0.227229810074715 -0.0771719596575863 0.0891090241912008 0.955199150276098 0.955199150276098 0.221101401994994 0.0755642647021631 0.529417334054978 0.474884926170115 0.148859137493995 0.0541982077111997 0.192558108423821 -0.142619707697911 -0.154283081530739 -0.192558108423821 0.142527091670033 -0.0646730517545768 0.719758463753715 -0.24134234099969 0.716899116309337 -0.082526529201137 0.358352110184859 0.997721391198596 0.245716148265036 1 -0.305856078469648 -0.359083290544218 0.110256410968516 -0.277392032450268 -0.114891114278123 0.27396148480758 0.215036779778447 0.0870961008173668 -0.2625910149283 0.305856078469648 0.282301339550357 -0.193327311407049 -0.259199221350489 0.227639394458326 0.227639394458326 -0.147906359048526 -0.109962009507368 0.221991958147596 0.380315039498937 -0.143248017538174 0.591076088186524 0.591076088186526 0.952604974789615 0.596405659490648 0.365409991315574 0.132175948651109 0.251292199366034 0.0714378947762615 -0.0152040773440998 -0.406939549526274 -0.0678220310181036 -0.178563208037216 0.135033884749795 0.65234696545788 0.9618399764506 0.664861840977953 0.59641949230054 0.835595923979666 0.970460743690742 0.261718360067344 0.380082555762121
imbalance_steps -0.235785528631038 -0.363625163727192 -0.455683154294383 -0.515107323261436 -0.28804105103929 0.481505600956962 -0.772370021067044 -0.157757815426369 -0.157757815426369 -0.148241811971019 0.998670439135364 -0.408172431050988 0.00099297014939796 -0.193232717629941 -0.436506861041599 0.168198164430323 0.251300881767441 0.158311835025221 -0.168198164430322 0.16405755753279 -0.339886771226035 -0.578365302937823 0.431152564487881 -0.224264961492179 0.118954845904844 0.124020942126436 -0.274348354331503 0.150710341698785 -0.305856078469648 1 0.940523293947878 0.462441219913272 0.648116321069503 -0.399275711949455 -0.931477775969429 -0.61140448678877 -0.463726240856363 0.355085002111979 -1 -0.938006559856559 0.570244619921666 0.735328774757937 -0.363625163727192 -0.363625163727192 -0.234754774997282 0.625471627659579 -0.255535516755625 -0.898342644337358 -0.261247425576835 0.177418330980578 0.177418330980577 -0.187959252289025 0.120237958048845 0.336881983517475 0.0427530745755876 -0.0868980231998996 0.168884152371257 0.445290755515437 0.101923714028567 -0.665125379445939 0.269221241276765 -0.223973190991869 0.156135949862739 -0.249617636983198 0.177425866320202 0.120229859795419 -0.082043504712356 -0.333882582642385 0.219868197128227 -0.705532923721362
