gamma sackin colless colless_corr colless_quad beta blum crown_age tree_height pigot_rho number_of_lineages nltt_base phylogenetic_div avg_ladder max_ladder cherries double_cherries four_prong il_number pitchforks stairs laplace_spectrum_a laplace_spectrum_p laplace_spectrum_e laplace_spectrum_g min_laplace max_laplace min_adj max_adj imbalance_steps j_one b1 b2 area_per_pair average_leaf_depth i_stat ew_colless max_del_width max_depth avg_vert_depth max_width mw_over_md tot_path tot_internal_path rogers stairs2 tot_coph var_depth symmetry_nodes mpd psv vpd mntd j_stat rquartet wiener max_betweenness max_closeness max_closenessW diameter eigen_centrality eigen_centralityW mean_branch_length var_branch_length mean_branch_length_int mean_branch_length_ext var_branch_length_int var_branch_length_ext treeness root_imbalance
gamma 1 -0.205687131014494 -0.0501840426836177 0.926521341274781 -0.525803227008015 -0.659572819133632 0.951698855920532 0.631158541178022 0.631158541178022 0.47125460075966 -0.906953651851931 0.883674478384417 0.746725756118619 -0.447473083295976 -0.872288276244871 0.941146948097084 -0.872288276244871 -0.759686805757753 -0.941146948097085 -0.506814019661567 0.670000175436611 0.847927046163263 0.190522905676201 0.975036345900478 0.839889444211724 0.227911411086062 0.55783344808457 -0.103014302039164 0.45397518075274 -0.916735017925306 -0.927393853927782 -0.759160549595734 -0.219538539013977 0.442512450102028 0.817610465388181 0.739065614281263 0.273870174418855 -0.070778729347748 0.916735017925306 0.840464903671251 -0.395965970700495 -0.985426701750928 -0.205687131014494 -0.205687131014494 0.77156630884477 -0.962301830003117 -0.534036338529691 0.972695846270129 0.369630790590416 0.520186508650317 0.52018650865032 0.343326489040428 0.322765078272254 0.112242092441606 -0.640106546308414 -0.266968499327618 -0.48870162117637 -0.126781413082319 -0.95223756454287 0.292334364911572 0.407723469592214 0.512779953688427 0.31857543465701 0.278321171922321 0.301568704694116 0.322765055250335 0.228200431498718 0.631122187491386 0.433020481425412 0.955297993546344
sackin -0.205687131014494 1 0.986958620433022 0.15033940273468 0.93537239130084 0.476043578562836 -0.249656316087723 0.627965272948472 0.627965272948472 0.764254694679541 0.996717872000556 -0.0263893563587717 0.494293791600771 -0.675363486987897 0.0783119138889416 -0.503604662872847 0.078311913888941 0.765042908620118 0.503604662872846 0.945831671195664 0.578423235821198 0.341503075008301 0.540978935543381 -0.0678634191396769 -0.649432627456318 0.834911292658545 0.696689439156018 0.881990831286665 0.778293554860008 0.572605030663406 0.556066108582978 0.647622087864126 -0.90793260755656 -0.96455792310463 -0.731107136857194 -0.810949431655687 0.832148628965693 -0.704763852131645 -0.572605030663406 -0.702316411057411 -0.631807172625422 0.350692423428965 1 1 0.460397739495201 0.439742268973852 0.932410955648772 -0.385598864305666 0.368923033581533 0.726950413793312 0.726950413793309 0.848404302732911 0.743330065582781 0.93891115593193 0.875151617928178 0.9949331605575 0.953848264865847 0.985853326372225 -0.0259146352497017 -0.959321950073476 0.361154410724548 0.264606723141507 0.851090461037187 0.87012985852163 0.87102339146221 0.743330105071317 0.894587482626544 0.597868815458759 0.585760309774138 -0.468574664186499
colless -0.0501840426836177 0.986958620433022 1 0.306713635863281 0.873679402666302 0.35417434010824 -0.114533047946969 0.742862636419302 0.742862636419302 0.856887676816582 0.992362479600951 0.131304836825729 0.620724937163324 -0.743326881650054 -0.0406556527318551 -0.358781890317151 -0.0406556527318558 0.666353281710819 0.358781890317151 0.886006459923891 0.691921295931337 0.485738089166318 0.551507530806495 0.0932533253975109 -0.537611731697026 0.873376222420571 0.798065490572046 0.864852257506873 0.865229066351269 0.434724684400331 0.418129244790005 0.555471768677828 -0.963167302701062 -0.91638692779017 -0.61607256800187 -0.709845863382818 0.879909572029846 -0.756347587899366 -0.434724684400331 -0.583282688472828 -0.685663303849041 0.19734085176318 0.986958620433022 0.986958620433022 0.590012325901931 0.299326014854472 0.869197100297488 -0.243242485598611 0.403539413957683 0.822120629407335 0.822120629407332 0.919399755593234 0.791579640102974 0.969720754263404 0.794786273768222 0.975052637865116 0.895860804865823 0.979319262349251 -0.186374395131053 -0.921291011552611 0.464299318608778 0.321549256771894 0.913070849422034 0.925635367726831 0.936502588397283 0.791579678565449 0.942862882804521 0.701774861197783 0.689127744227826 -0.321476513848125
colless_corr 0.926521341274781 0.15033940273468 0.306713635863281 1 -0.1792105990245 -0.584650935410451 0.819648754373017 0.860938776124 0.860938776124 0.751613776455819 -0.275244410470246 0.936641113575342 0.913384391640005 -0.62665925414361 -0.776251075838483 0.778379722823656 -0.776251075838483 -0.460230110279082 -0.778379722823656 -0.161483772829104 0.858063925967811 0.977183703498797 0.271832999880157 0.97561883300579 0.574459743569575 0.472611795668749 0.800529008459139 0.14496895729245 0.727631281600808 -0.723293131746 -0.732665328996537 -0.469572641080088 -0.550840994679747 0.0868113336461641 0.553610739126183 0.447326045621396 0.524911859455423 -0.417481921114952 0.723293131745999 0.585917679771422 -0.541376208951899 -0.871400034513476 0.15033940273468 0.15033940273468 0.925752546654921 -0.789359381806838 -0.189035997232034 0.816152670239377 0.385684349442526 0.770764737753354 0.770764737753356 0.643167471729057 0.521964323416433 0.425803921231903 -0.312162494519304 0.0983277925071466 -0.144927584530079 0.203076753073848 -0.990304579782653 -0.0115552115819545 0.648723628689699 0.497289884172864 0.600759939688486 0.565736611366154 0.612017439550977 0.521964321246711 0.525368041072646 0.81239439856987 0.723932887279929 0.802539190741262
colless_quad -0.525803227008015 0.93537239130084 0.873679402666302 -0.1792105990245 1 0.577577435479845 -0.57563170018887 0.326960831956197 0.326960831956197 0.501701562142979 0.96558099880057 -0.288644796074136 0.160912303306165 -0.386771762661194 0.416677713825346 -0.751463468016701 0.416677713825345 0.943270101719341 0.751463468016701 0.9990980027388 0.254574361642308 0.00506472214400536 0.326694809398518 -0.381377755712008 -0.876076334122204 0.606805062174536 0.404126109193554 0.753623384015477 0.512028260772111 0.806650188035514 0.800863310064332 0.862981912130482 -0.713258775002621 -0.995372048261246 -0.918504787686209 -0.959683661758757 0.593317320986389 -0.648102946854948 -0.806650188035514 -0.902120526014897 -0.35487279460318 0.638591520855257 0.93537239130084 0.93537239130084 0.122719163113721 0.725634859506849 0.999947572192368 -0.684403564136584 0.113078860398673 0.441435069651594 0.44143506965159 0.61190876001955 0.486081176490882 0.758144420255639 0.989618675862876 0.959713070505794 0.996775581340232 0.881586841813022 0.289703534884871 -0.90524371589178 0.245152285414858 -0.0231043033344437 0.610414161067901 0.63983416347829 0.647683129775713 0.486081223147614 0.679098378308162 0.275742618959962 0.410298480108119 -0.727773217193026
beta -0.659572819133632 0.476043578562836 0.35417434010824 -0.584650935410451 0.577577435479845 1 -0.445608482761278 -0.176994492752808 -0.176994492752808 -0.0442559701734815 -0.677927504637887 -0.8210460891634 -0.219578116209144 -0.264081942639432 0.220931095437938 -0.809450047723438 0.220931095437938 0.591217304202961 0.809450047723439 0.593507493404722 -0.104538828596197 -0.412993159072589 0.60190589786434 -0.713114880585344 -0.563849743539853 0.408944097518814 -0.055337200504123 0.683332981209849 0.0257402452108947 0.79097258010868 0.757726718545536 0.399488701683337 -0.155687015560658 -0.545005863456874 -0.722786399987051 -0.70820043281975 0.346614778432855 0.240342552761331 -0.79097258010868 -0.722252310243491 -0.364525521074856 0.754441026330236 0.476043578562836 0.476043578562836 -0.244318912055045 0.644910704643509 0.583885951579529 -0.618301012251272 0.45429089635455 -0.00891191301193239 -0.00891191301193437 0.10993152497538 0.381128681677409 0.364618048815594 0.610276552611409 0.458345078965037 0.606385801165266 0.523712565560403 0.685616613540379 -0.689040617033736 -0.638363696237416 0.306882105751511 0.212687724372509 0.250361766225709 0.130528838885838 0.381128677385512 0.283606384094072 -0.0104904170546515 -0.432568916183272 -0.793777665017487
blum 0.951698855920532 -0.249656316087723 -0.114533047946969 0.819648754373017 -0.57563170018887 -0.445608482761278 1 0.544408650826385 0.544408650826385 0.382111295386356 0.999271577484812 0.699236759783228 0.693536077171421 -0.51252895965912 -0.968831473011765 0.877549529757729 -0.968831473011765 -0.814476741635726 -0.877549529757729 -0.547783783413197 0.634865907976195 0.76112163236679 0.385007806670856 0.867359512766188 0.898471533937992 0.278725365581188 0.496188473983502 -0.00621413522740911 0.389950742635146 -0.871485976914682 -0.895815409984969 -0.875227532271197 -0.137949142390498 0.496295112122094 0.817311958077514 0.746558474762981 0.306496514008888 0.176807011181273 0.871485976914682 0.83885686420672 -0.505413905817607 -0.922643029989019 -0.249656316087723 -0.249656316087723 0.719646828173528 -0.963765555654539 -0.58205709137357 0.976592223353284 0.57149653491406 0.465253617536932 0.465253617536935 0.279434109763835 0.400417017812342 0.0965283210272518 -0.685563775147474 -0.330481437370955 -0.521845628788092 -0.129813770897649 -0.831942820714248 0.248753530377446 0.123812645168628 0.699986977826447 0.295581457832325 0.259974761301915 0.233494929817133 0.400416979518201 0.20928353245734 0.626385740631461 0.198780097359568 0.894104306559811
crown_age 0.631158541178022 0.627965272948472 0.742862636419302 0.860938776124 0.326960831956197 -0.176994492752808 0.544408650826385 1 1 0.98153231659898 -0.462699891992257 0.700522570264737 0.981063895352046 -0.870268693668325 -0.60901516893501 0.354013141880551 -0.609015168935011 0.010762723047776 -0.354013141880551 0.348733455500676 0.984004252783166 0.945905442546829 0.544053375461128 0.728318594238402 0.142136015061235 0.824946955466059 0.992497654669354 0.595173703434418 0.975211267545663 -0.278094853252705 -0.297369949348176 -0.0716065619723402 -0.895294279182211 -0.415780496206579 0.0694921312157078 -0.0558319867593338 0.861574270270012 -0.644233400235046 0.278094853252705 0.110166979470689 -0.789114952184716 -0.508359988396326 0.627965272948472 0.627965272948472 0.973837628034929 -0.410908041857537 0.317909916370279 0.461091147483488 0.548851293640476 0.985634500018688 0.985634500018689 0.943222086152006 0.823705097362411 0.82549264918059 0.189438392183075 0.578809970634045 0.368059622369491 0.672721951450079 -0.785720160950973 -0.515041639432151 0.645147164139916 0.581741589439956 0.919794100848593 0.902407292773577 0.928774705384426 0.823705112483467 0.88229577315592 0.964173948888494 0.833430237628514 0.392186528468439
tree_height 0.631158541178022 0.627965272948472 0.742862636419302 0.860938776124 0.326960831956197 -0.176994492752808 0.544408650826385 1 1 0.98153231659898 -0.462699891992257 0.700522570264737 0.981063895352046 -0.870268693668325 -0.60901516893501 0.354013141880551 -0.609015168935011 0.010762723047776 -0.354013141880551 0.348733455500676 0.984004252783166 0.945905442546829 0.544053375461128 0.728318594238402 0.142136015061235 0.824946955466059 0.992497654669354 0.595173703434418 0.975211267545663 -0.278094853252705 -0.297369949348176 -0.0716065619723402 -0.895294279182211 -0.415780496206579 0.0694921312157078 -0.0558319867593338 0.861574270270012 -0.644233400235046 0.278094853252705 0.110166979470689 -0.789114952184716 -0.508359988396326 0.627965272948472 0.627965272948472 0.973837628034929 -0.410908041857537 0.317909916370279 0.461091147483488 0.548851293640476 0.985634500018688 0.985634500018689 0.943222086152006 0.823705097362411 0.82549264918059 0.189438392183075 0.578809970634045 0.368059622369491 0.672721951450079 -0.785720160950973 -0.515041639432151 0.645147164139916 0.581741589439956 0.919794100848593 0.902407292773577 0.928774705384426 0.823705112483467 0.88229577315592 0.964173948888494 0.833430237628514 0.392186528468439
pigot_rho 0.47125460075966 0.764254694679541 0.856887676816582 0.751613776455819 0.501701562142979 -0.0442559701734815 0.382111295386356 0.98153231659898 0.98153231659898 1 -0.655158222298918 0.582259141265298 0.930698682022789 -0.875453777769045 -0.473649487409129 0.171723986107493 -0.47364948740913 0.200663261972388 -0.171723986107493 0.521490177799723 0.952430053903579 0.866811711377958 0.5650954282085 0.589234048400639 -0.0470373262999702 0.878457849263296 0.990388712770171 0.697977519027826 0.996402441422357 -0.0911049462017683 -0.109980239501378 0.108739822998835 -0.963908085271612 -0.582077422165507 -0.12237905787615 -0.245441950333964 0.909192855299783 -0.720171785431633 0.0911049462017682 -0.0818218376728771 -0.794859646142195 -0.335914570668206 0.764254694679541 0.764254694679541 0.916352278728774 -0.229307689144526 0.493410507898135 0.283617854808233 0.52625781735883 0.99168641601569 0.99168641601569 0.987338817802257 0.852978450059272 0.909343260752578 0.373692555993031 0.7240973217212 0.538746940154055 0.794505844059698 -0.660309849232888 -0.655098875370954 0.639262470468171 0.528737492965599 0.965745390335775 0.9558012374052 0.981338196468661 0.852978473293375 0.945335169469285 0.938678981206102 0.845306064078933 0.211484921288615
number_of_lineages -0.906953651851931 0.996717872000556 0.992362479600951 -0.275244410470246 0.96558099880057 -0.677927504637887 0.999271577484812 -0.462699891992257 -0.462699891992257 -0.655158222298918 1 0.185471287887597 0.985610511726743 0.276214772710084 0.938305823296944 0.999116895909453 0.938305823296943 0.752652351931446 0.997524563860068 0.966126493322735 0.111420941983191 -0.478304833222418 -0.294180861982538 0.9048231950238 0.161071786344338 -0.469552292568116 -0.429345598135153 -0.50879443978012 -0.375689207390594 0.996829408070748 -0.939876281534932 0.999713651898199 -0.374783316581283 0.976566275422042 0.983889085214619 0.783853199298408 -0.300688313910297 0.647456309336975 0.966198858159919 0.984053223734386 0.991966570628095 -0.704002102023908 0.99600261739063 0.995026008986995 0.998884417715935 -0.822845892708826 0.969586322169559 0.969826451066399 0.99968546933334 -0.486875676787375 -0.486875676787373 -0.623679685978717 -0.295119333081331 -0.741955731230608 0.943262255907138 0.988426660638996 0.989252846190674 -0.818928855772095 -0.857818351088806 0.988871574730667 -0.964431877284673 0.545697152362407 -0.601741058891185 -0.537723758408185 -0.671204752014055 -0.295119349860014 -0.559463636266211 -0.443598992054453 -0.767175747476144 0.897768509179433
nltt_base 0.883674478384417 -0.0263893563587717 0.131304836825729 0.936641113575342 -0.288644796074136 -0.8210460891634 0.699236759783228 0.700522570264737 0.700522570264737 0.582259141265298 0.185471287887597 1 0.736770102358117 -0.330595440917677 -0.576752758458119 0.833255103546865 -0.576752758458119 -0.489132749316185 -0.833255103546865 -0.284964866000834 0.653529810817571 0.857499083429762 -0.0820752606289753 0.960573921041087 0.559421613521066 0.181969591298063 0.608591338719286 -0.155883251619708 0.53242686437562 -0.780717325466951 -0.770957435181681 -0.408775993438415 -0.373905110484513 0.211429629522666 0.6202280676475 0.537295148668153 0.246397675613524 -0.476185099956236 0.780717325466951 0.643409015588972 -0.219646941252 -0.881069939506711 -0.0263893563587717 -0.0263893563587718 0.752812021485218 -0.761077303814833 -0.298349089580731 0.770496290903966 0.0419838768011309 0.569994675580368 0.56999467558037 0.446045035802537 0.214204975677875 0.191321033317864 -0.394688922007798 -0.0491512840053144 -0.280702393044852 -0.0217326800263045 -0.967570951897187 0.229183693052822 0.781172440180386 0.173768546212765 0.366098276233522 0.327448290857298 0.41930608526995 0.214204982006631 0.288653327398768 0.578513566053663 0.74775737620644 0.844301178292814
phylogenetic_div 0.746725756118619 0.494293791600771 0.620724937163324 0.913384391640005 0.160912303306165 -0.219578116209144 0.693536077171421 0.981063895352046 0.981063895352046 0.930698682022789 0.985610511726743 0.736770102358117 1 -0.880827668461394 -0.750369288354209 0.485500273500162 -0.75036928835421 -0.167562323626196 -0.485500273500162 0.187054343094098 0.992803083528108 0.978621596678872 0.584866719896871 0.806588267917327 0.320024936981066 0.790355577014205 0.967811632360956 0.535157406138883 0.930162760109872 -0.419952147023993 -0.443814495539575 -0.260919253085532 -0.80502947159868 -0.255009044261215 0.231293237531961 0.107400450458275 0.825894530415994 -0.496292582818158 0.419952147023993 0.271372614719624 -0.813971355199249 -0.630732329972033 0.494293791600771 0.494293791600771 0.999254876223465 -0.562269758916181 0.151858788393817 0.609399842009168 0.628922401278871 0.956239254763771 0.956239254763772 0.879032224361483 0.818230445999896 0.743910500056256 0.0176711065933662 0.431596103816854 0.210507847181786 0.564136782696094 -0.847987243007828 -0.406993858644807 0.554804397166392 0.682628317635597 0.867312567412432 0.845234195974415 0.856195242781456 0.818230449260451 0.816913849328084 0.977700825099249 0.742695007305414 0.522841729458777
avg_ladder -0.447473083295976 -0.675363486987897 -0.743326881650054 -0.62665925414361 -0.386771762661194 -0.264081942639432 -0.51252895965912 -0.870268693668325 -0.870268693668325 -0.875453777769045 0.276214772710084 -0.330595440917677 -0.880827668461394 1 0.676831749663454 -0.122059005719085 0.676831749663455 -0.066439263968005 0.122059005719085 -0.421845498751529 -0.927163117177821 -0.768896816001137 -0.886550021329681 -0.467026480753818 -0.0968026159808344 -0.967207981526079 -0.915431697480323 -0.843333296667219 -0.911528964117718 0.0703296990257251 0.111800711216019 0.123911498760284 0.837269221899274 0.464965186281939 0.0745367034490322 0.188607827452676 -0.970942136473948 0.318152536101684 -0.0703296990257253 0.0350825130976651 0.988868308141821 0.288883181939911 -0.675363486987897 -0.675363486987897 -0.870085807932942 0.28571159289671 -0.380991809773464 -0.34414729503616 -0.870333841717845 -0.92539866569398 -0.92539866569398 -0.896334151641653 -0.990849685303092 -0.883499179365144 -0.260185002752451 -0.600334159299539 -0.452684320691691 -0.776201577185943 0.515821529411393 0.703688174231767 -0.198609845613718 -0.85737192725822 -0.939651574437911 -0.934970359913387 -0.881192398877719 -0.990849682312544 -0.920755502518282 -0.96045242248214 -0.484927240617107 -0.166227218559892
max_ladder -0.872288276244871 0.0783119138889416 -0.0406556527318551 -0.776251075838483 0.416677713825346 0.220931095437938 -0.968831473011765 -0.60901516893501 -0.60901516893501 -0.473649487409129 0.938305823296944 -0.576752758458119 -0.750369288354209 0.676831749663454 1 -0.731907452300561 1 0.688933701154141 0.731907452300561 0.381848720957328 -0.719451434932526 -0.767501613446964 -0.601418194164281 -0.780477551353319 -0.796736733059034 -0.468257757811677 -0.589615940384639 -0.22298417121488 -0.499043851194635 0.723373753734055 0.758763506983718 0.808229747012238 0.264682646676654 -0.334900148174453 -0.665641534309786 -0.584768635057538 -0.484382610010257 -0.184613019909678 -0.723373753734055 -0.691770488242561 0.687670310464331 0.806739085296639 0.0783119138889416 0.0783119138889417 -0.77034293051389 0.868204126184189 0.42253416867903 -0.89286882976282 -0.756702231885806 -0.568903236822689 -0.568903236822693 -0.403494806702204 -0.586686669544261 -0.268861210965707 0.534499654432123 0.170815326927339 0.349996608710636 -0.0617293857109544 0.75622183440323 -0.033366813395188 -0.0241836822911314 -0.854742205800856 -0.444260744253746 -0.415519118843546 -0.359992762959238 -0.586686630301134 -0.369819766373964 -0.732895691001796 -0.171508898850157 -0.756520998057764
cherries 0.941146948097084 -0.503604662872847 -0.358781890317151 0.778379722823656 -0.751463468016701 -0.809450047723438 0.877549529757729 0.354013141880551 0.354013141880551 0.171723986107493 0.999116895909453 0.833255103546865 0.485500273500162 -0.122059005719085 -0.731907452300561 1 -0.731907452300561 -0.88973253797087 -1 -0.742370829895491 0.384066715951762 0.637571810615646 -0.100692217976697 0.895416713967877 0.9165587318222 -0.114429117463795 0.258049458353742 -0.430327076659864 0.142364515937021 -0.995914813274402 -0.993938019746348 -0.824792544022985 0.0951503405355956 0.68911217853308 0.948795422896349 0.906497826472545 -0.067259247724844 0.0867940799867326 0.995914813274402 0.958807848195452 -0.0759558943154006 -0.984515936731896 -0.503604662872847 -0.503604662872847 0.51786619089873 -0.970552774374506 -0.758152991749757 0.959735325044404 0.108361501285586 0.2129255338327 0.212925533832704 0.0238928034948783 -0.0125007927015086 -0.222886612500206 -0.829647398141803 -0.54639265171971 -0.732777232338617 -0.447518051342137 -0.848515579840503 0.59744905573712 0.332961423516159 0.271988260190065 -0.0140574451625559 -0.0567164099489942 -0.0178394060131538 -0.0125008199907172 -0.107611273056171 0.332394277983289 0.257478687031078 0.998998842667953
double_cherries -0.872288276244871 0.078311913888941 -0.0406556527318558 -0.776251075838483 0.416677713825345 0.220931095437938 -0.968831473011765 -0.609015168935011 -0.609015168935011 -0.47364948740913 0.938305823296943 -0.576752758458119 -0.75036928835421 0.676831749663455 1 -0.731907452300561 1 0.68893370115414 0.73190745230056 0.381848720957327 -0.719451434932527 -0.767501613446965 -0.601418194164281 -0.780477551353319 -0.796736733059034 -0.468257757811677 -0.58961594038464 -0.22298417121488 -0.499043851194635 0.723373753734055 0.758763506983718 0.808229747012238 0.264682646676655 -0.334900148174453 -0.665641534309786 -0.584768635057538 -0.484382610010258 -0.184613019909678 -0.723373753734055 -0.691770488242561 0.687670310464331 0.806739085296639 0.078311913888941 0.0783119138889411 -0.770342930513891 0.868204126184189 0.42253416867903 -0.89286882976282 -0.756702231885807 -0.56890323682269 -0.568903236822693 -0.403494806702205 -0.586686669544262 -0.268861210965708 0.534499654432122 0.170815326927338 0.349996608710636 -0.061729385710955 0.756221834403231 -0.0333668133951874 -0.0241836822911317 -0.854742205800856 -0.444260744253746 -0.415519118843547 -0.359992762959239 -0.586686630301134 -0.369819766373965 -0.732895691001796 -0.171508898850158 -0.756520998057764
four_prong -0.759686805757753 0.765042908620118 0.666353281710819 -0.460230110279082 0.943270101719341 0.591217304202961 -0.814476741635726 0.010762723047776 0.010762723047776 0.200663261972388 0.752652351931446 -0.489132749316185 -0.167562323626196 -0.066439263968005 0.688933701154141 -0.88973253797087 0.68893370115414 1 0.88973253797087 0.931337837295666 -0.0772394145607547 -0.30566222229748 0.0758407312393351 -0.62306495251232 -0.986422304485293 0.31749560973473 0.0851491518314219 0.537479210994173 0.204855206163808 0.926395826564097 0.932143665041689 0.967581929703943 -0.449952973292648 -0.907760026363743 -0.983682519838345 -0.98415531628318 0.296612298096852 -0.531225458871055 -0.926395826564097 -0.980808101267642 -0.0467774623139188 0.827949419513032 0.765042908620118 0.765042908620118 -0.205265365273075 0.906293271487416 0.945845681844274 -0.882239794731667 -0.15146033395107 0.124199007128656 0.124199007128652 0.32061151986411 0.182461861919636 0.498749965248916 0.980555192941572 0.815101016563641 0.919171230717474 0.678286361184667 0.54365410207362 -0.743463234001907 0.123140770601682 -0.300303798985818 0.313071194318482 0.348416350103249 0.364644990378767 0.182461910549527 0.396862881514483 -0.0587168738190736 0.209978728154389 -0.879640240574327
il_number -0.941146948097085 0.503604662872846 0.358781890317151 -0.778379722823656 0.751463468016701 0.809450047723439 -0.877549529757729 -0.354013141880551 -0.354013141880551 -0.171723986107493 0.997524563860068 -0.833255103546865 -0.485500273500162 0.122059005719085 0.731907452300561 -1 0.73190745230056 0.88973253797087 1 0.74237082989549 -0.384066715951762 -0.637571810615646 0.100692217976697 -0.895416713967877 -0.916558731822199 0.114429117463795 -0.258049458353742 0.430327076659865 -0.142364515937021 0.995914813274402 0.993938019746348 0.824792544022985 -0.0951503405355952 -0.689112178533079 -0.948795422896349 -0.906497826472545 0.067259247724844 -0.0867940799867319 -0.995914813274402 -0.958807848195452 0.0759558943154004 0.984515936731896 0.503604662872846 0.503604662872847 -0.51786619089873 0.970552774374506 0.758152991749757 -0.959735325044404 -0.108361501285585 -0.2129255338327 -0.212925533832704 -0.0238928034948786 0.0125007927015087 0.222886612500206 0.829647398141803 0.54639265171971 0.732777232338617 0.447518051342137 0.848515579840504 -0.59744905573712 -0.33296142351616 -0.271988260190065 0.0140574451625557 0.056716409948994 0.0178394060131534 0.0125008199907173 0.107611273056171 -0.332394277983289 -0.257478687031079 -0.998998842667953
pitchforks -0.506814019661567 0.945831671195664 0.886006459923891 -0.161483772829104 0.9990980027388 0.593507493404722 -0.547783783413197 0.348733455500676 0.348733455500676 0.521490177799723 0.966126493322735 -0.284964866000834 0.187054343094098 -0.421845498751529 0.381848720957328 -0.742370829895491 0.381848720957327 0.931337837295666 0.74237082989549 1 0.282395666192095 0.0269543680265326 0.366433749093939 -0.367034078421843 -0.858887526822735 0.637289621302386 0.428162847449445 0.780852701383874 0.534531767807053 0.797622910971806 0.789584662826872 0.841427985366638 -0.729711980861615 -0.997056855881339 -0.910551855653767 -0.954825257386317 0.622966179925734 -0.636607156118565 -0.797622910971806 -0.893036404467097 -0.392664035488821 0.624827301114805 0.945831671195664 0.945831671195665 0.148999696174708 0.70700543289219 0.998952601236792 -0.664024590805752 0.155167697326994 0.465809444101989 0.465809444101985 0.63272589206121 0.520460341362463 0.779793131524117 0.98461006495513 0.966017485997736 0.999283701504059 0.898780675804938 0.275466344230916 -0.92246953728673 0.231823078764579 0.0191924002638128 0.635315558449312 0.664516424034532 0.667290287994485 0.52046038642947 0.702786456936676 0.30638083068846 0.408301485911954 -0.717236857043586
stairs 0.670000175436611 0.578423235821198 0.691921295931337 0.858063925967811 0.254574361642308 -0.104538828596197 0.634865907976195 0.984004252783166 0.984004252783166 0.952430053903579 0.111420941983191 0.653529810817571 0.992803083528108 -0.927163117177821 -0.719451434932526 0.384066715951762 -0.719451434932527 -0.0772394145607547 -0.384066715951762 0.282395666192095 1 0.947030130110137 0.65879113626624 0.730654544435087 0.235988524643895 0.858028969924005 0.98510906668521 0.63247162171301 0.958929257148762 -0.31770226042709 -0.345123103490294 -0.192542308036692 -0.852746180350814 -0.346119801505784 0.129883853072905 0.00488598237129383 0.887409599550646 -0.501575127153663 0.31770226042709 0.17093487451642 -0.868143848267246 -0.539871999273622 0.578423235821198 0.578423235821198 0.988267106273836 -0.478027018001258 0.246049304028952 0.529593380337749 0.681134265447683 0.979260988749535 0.979260988749536 0.919159648038822 0.878940042548544 0.812700384240562 0.112958191311467 0.514479574517201 0.307164599248064 0.651309002194401 -0.778424667962232 -0.509566388733259 0.507580057984403 0.716128433849844 0.917058975597588 0.899496955859812 0.89944911117303 0.878940047178091 0.875594099518156 0.994514458566853 0.722660661622278 0.424071804438895
laplace_spectrum_a 0.847927046163263 0.341503075008301 0.485738089166318 0.977183703498797 0.00506472214400536 -0.412993159072589 0.76112163236679 0.945905442546829 0.945905442546829 0.866811711377958 -0.478304833222418 0.857499083429762 0.978621596678872 -0.768896816001137 -0.767501613446964 0.637571810615646 -0.767501613446965 -0.30566222229748 -0.637571810615646 0.0269543680265326 0.947030130110137 1 0.430537246182643 0.908026275155175 0.442051743017231 0.647736949689655 0.908098567389875 0.35051939301738 0.853224711042455 -0.574600754969511 -0.590921131703252 -0.355909353096887 -0.702778482586047 -0.100147412671973 0.388636428008874 0.270580881755085 0.693183677012048 -0.485046002073677 0.57460075496951 0.425747839726885 -0.6888916853813 -0.760173866526478 0.341503075008301 0.3415030750083 0.984020565498115 -0.679372290721379 -0.00463549172403164 0.717380031982897 0.508014991875798 0.887171650802831 0.887171650802833 0.785380508034449 0.684299143680597 0.605322324881647 -0.13588219130903 0.284351100520655 0.0469128544678226 0.401264559106811 -0.938290738171995 -0.22176397076721 0.629521829186839 0.591264711704134 0.755807087539164 0.7268609318029 0.758527583442407 0.684299145539884 0.69238844891389 0.914858032992129 0.763009417193769 0.66904721567149
laplace_spectrum_p 0.190522905676201 0.540978935543381 0.551507530806495 0.271832999880157 0.326694809398518 0.60190589786434 0.385007806670856 0.544053375461128 0.544053375461128 0.5650954282085 -0.294180861982538 -0.0820752606289753 0.584866719896871 -0.886550021329681 -0.601418194164281 -0.100692217976697 -0.601418194164281 0.0758407312393351 0.100692217976697 0.366433749093939 0.65879113626624 0.430537246182643 1 0.12856161420142 0.0585902082148594 0.866326435859968 0.62625973266927 0.865222780136234 0.632591272473132 0.116501594347716 0.0636454062635545 -0.170901946069826 -0.574285159025545 -0.377554207833359 -0.165801473912245 -0.242562782859981 0.838747201107827 0.0783784813884361 -0.116501594347716 -0.136807521760658 -0.944588592871476 -0.0371670845472841 0.540978935543381 0.540978935543381 0.574361816749174 -0.125793767890247 0.325280291659001 0.177677471888527 0.974026039952479 0.648688287071901 0.648688287071901 0.633597264911806 0.91162083026546 0.717762444227115 0.23900627009637 0.457726186928561 0.401248614105768 0.67349657924055 -0.155638171948058 -0.696455940069406 -0.272290105044831 0.92496321821632 0.729923350878827 0.737343603534006 0.620129838193715 0.91162080955705 0.730679372509225 0.733869135150051 0.0370896905767976 -0.0614824020462969
laplace_spectrum_e 0.975036345900478 -0.0678634191396769 0.0932533253975109 0.97561883300579 -0.381377755712008 -0.713114880585344 0.867359512766188 0.728318594238402 0.728318594238402 0.589234048400639 0.9048231950238 0.960573921041087 0.806588267917327 -0.467026480753818 -0.780477551353319 0.895416713967877 -0.780477551353319 -0.62306495251232 -0.895416713967877 -0.367034078421843 0.730654544435087 0.908026275155175 0.12856161420142 1 0.710777414804223 0.279510943536327 0.649945311094114 -0.062839672623994 0.559357916934174 -0.85378874595427 -0.857904859462833 -0.599303717261178 -0.356204008526286 0.295306669589424 0.714834047203504 0.625767724262792 0.334325848741895 -0.287247451974712 0.85378874595427 0.74078053909478 -0.386682189110963 -0.95401137937207 -0.0678634191396769 -0.0678634191396771 0.826325606889062 -0.884788928259035 -0.39071861788291 0.899168685554941 0.279561589018026 0.612771280097371 0.612771280097374 0.459514894118901 0.34608174557388 0.217195765757362 -0.501015768047866 -0.116383720576703 -0.353196803538961 -0.0167573845185258 -0.995181148868466 0.207067223284286 0.598436192059696 0.415725399329675 0.412014111548303 0.372329233971294 0.42389208334993 0.346081736341142 0.326697810444259 0.677355176633507 0.617784631157848 0.911430760265538
laplace_spectrum_g 0.839889444211724 -0.649432627456318 -0.537611731697026 0.574459743569575 -0.876076334122204 -0.563849743539853 0.898471533937992 0.142136015061235 0.142136015061235 -0.0470373262999702 0.161071786344338 0.559421613521066 0.320024936981066 -0.0968026159808344 -0.796736733059034 0.9165587318222 -0.796736733059034 -0.986422304485293 -0.916558731822199 -0.858887526822735 0.235988524643895 0.442051743017231 0.0585902082148594 0.710777414804223 1 -0.159131408212627 0.0733372921218051 -0.403780650068749 -0.0470515007290009 -0.943205674857168 -0.954914788101214 -0.981376102688545 0.303743833311549 0.827054046656264 0.972846879295279 0.953545251599088 -0.136219911172047 0.46003752611981 0.943205674857169 0.976703365392275 -0.111295404328491 -0.882674675215059 -0.649432627456318 -0.649432627456318 0.355889995464253 -0.95579964161291 -0.879764308301917 0.941353519669805 0.282998083672971 0.035393996172936 0.0353939961729399 -0.165571918766931 -0.0219025778677398 -0.349788115326594 -0.935049425690513 -0.710732906945334 -0.842098956404465 -0.548633934478225 -0.640386337205724 0.629618041328863 -0.0686417217407995 0.431014917054611 -0.153799001147357 -0.190340745347348 -0.211914396142465 -0.0219026259383019 -0.241218748422369 0.220754592432449 -0.111185244722965 0.913699530095034
min_laplace 0.227911411086062 0.834911292658545 0.873376222420571 0.472611795668749 0.606805062174536 0.408944097518814 0.278725365581188 0.824946955466059 0.824946955466059 0.878457849263296 -0.469552292568116 0.181969591298063 0.790355577014205 -0.967207981526079 -0.468257757811677 -0.114429117463795 -0.468257757811677 0.31749560973473 0.114429117463795 0.637289621302386 0.858028969924005 0.647736949689655 0.866326435859968 0.279510943536327 -0.159131408212627 1 0.887656301718322 0.940461930144457 0.914560279309429 0.172263257074919 0.133970196337428 0.126708632034937 -0.906402687641658 -0.671703259688819 -0.322804483346968 -0.430812526850079 0.997588339376249 -0.429624855068316 -0.172263257074919 -0.284706882953593 -0.9530774189083 -0.059588825470494 0.834911292658545 0.834911292658545 0.770549947484449 -0.0386177497322837 0.602045162244047 0.100262249310135 0.792935691095609 0.90733544711849 0.907335447118489 0.929829318945609 0.98868623552266 0.964907603539445 0.496496949366646 0.775967611733278 0.663665239977071 0.909620979005342 -0.345708842768831 -0.85911682704645 0.210499919207103 0.742013875433319 0.970310283078049 0.975084857714904 0.926623037881339 0.988686244648951 0.97400737667208 0.89533729937167 0.505832933504657 -0.0698901005559753
max_laplace 0.55783344808457 0.696689439156018 0.798065490572046 0.800529008459139 0.404126109193554 -0.055337200504123 0.496188473983502 0.992497654669354 0.992497654669354 0.990388712770171 -0.429345598135153 0.608591338719286 0.967811632360956 -0.915431697480323 -0.589615940384639 0.258049458353742 -0.58961594038464 0.0851491518314219 -0.258049458353742 0.428162847449445 0.98510906668521 0.908098567389875 0.62625973266927 0.649945311094114 0.0733372921218051 0.887656301718322 1 0.688738157256409 0.992624119521501 -0.183278607425521 -0.206927522358962 -0.022112410551819 -0.92790863196014 -0.490153771709306 -0.0199673108740197 -0.14528790128178 0.917087532463847 -0.62445448737968 0.183278607425521 0.0213601715400423 -0.845491115269089 -0.421477180330568 0.696689439156018 0.696689439156017 0.95738049381053 -0.3360538862679 0.395727490226471 0.390271534874933 0.612619905863098 0.998818607167015 0.998818607167015 0.970714205287199 0.882795158454571 0.882961835918471 0.268715393447194 0.644706361122483 0.449340989560225 0.747865577485116 -0.711663210649622 -0.608417212365014 0.575735120414702 0.627597883276581 0.959627502678534 0.946686546438689 0.958657254236404 0.882795173322783 0.930451184744928 0.976628837766269 0.792232973784635 0.298717567325816
min_adj -0.103014302039164 0.881990831286665 0.864852257506873 0.14496895729245 0.753623384015477 0.683332981209849 -0.00621413522740911 0.595173703434418 0.595173703434418 0.697977519027826 -0.50879443978012 -0.155883251619708 0.535157406138883 -0.843333296667219 -0.22298417121488 -0.430327076659864 -0.22298417121488 0.537479210994173 0.430327076659865 0.780852701383874 0.63247162171301 0.35051939301738 0.865222780136234 -0.062839672623994 -0.403780650068749 0.940461930144457 0.688738157256409 1 0.747426093986598 0.47435294885673 0.435183499159465 0.327653984237465 -0.807387236861065 -0.790788773879588 -0.578664470815932 -0.65902029080781 0.91776952759662 -0.326097034539662 -0.47435294885673 -0.548333421284561 -0.859709002228037 0.270699624286157 0.881990831286665 0.881990831286665 0.508030686763079 0.26368761550726 0.752052706998996 -0.204788399271585 0.738184101672398 0.722328441357209 0.722328441357207 0.797469282365628 0.907981914754367 0.920535152378735 0.681124166899035 0.83629096873454 0.803934397848463 0.944715691927618 -0.0062007860437867 -0.961446626339697 -0.00973127012730392 0.637753665863269 0.858692921921058 0.877598123395149 0.806065689129184 0.907981926179817 0.892103424776482 0.691607676023756 0.292356834615782 -0.389652622441336
max_adj 0.45397518075274 0.778293554860008 0.865229066351269 0.727631281600808 0.512028260772111 0.0257402452108947 0.389950742635146 0.975211267545663 0.975211267545663 0.996402441422357 -0.375689207390594 0.53242686437562 0.930162760109872 -0.911528964117718 -0.499043851194635 0.142364515937021 -0.499043851194635 0.204855206163808 -0.142364515937021 0.534531767807053 0.958929257148762 0.853224711042455 0.632591272473132 0.559357916934174 -0.0470515007290009 0.914560279309429 0.992624119521501 0.747426093986598 1 -0.0649020368570114 -0.0879531800684021 0.0931384669133544 -0.96582118566687 -0.592201523183299 -0.140622860908892 -0.263762773724605 0.940323611608337 -0.671292577808778 0.0649020368570113 -0.0996360048448878 -0.841825797225062 -0.310855022177068 0.778293554860008 0.778293554860008 0.915303651112971 -0.21939310998952 0.504141513187419 0.275803622713179 0.591474436650474 0.996498620651742 0.996498620651741 0.992672257093797 0.894113081767411 0.929891995711412 0.38347928895092 0.732595026063231 0.554156432503507 0.819436147440863 -0.629429741542517 -0.691825368027312 0.571882121234844 0.58740047140921 0.98226788149281 0.974039218300605 0.98607216882699 0.894113101846114 0.963995650677776 0.953926690015967 0.797406373067202 0.183720229808781
imbalance_steps -0.916735017925306 0.572605030663406 0.434724684400331 -0.723293131746 0.806650188035514 0.79097258010868 -0.871485976914682 -0.278094853252705 -0.278094853252705 -0.0911049462017683 0.996829408070748 -0.780717325466951 -0.419952147023993 0.0703296990257251 0.723373753734055 -0.995914813274402 0.723373753734055 0.926395826564097 0.995914813274402 0.797622910971806 -0.31770226042709 -0.574600754969511 0.116501594347716 -0.85378874595427 -0.943205674857168 0.172263257074919 -0.183278607425521 0.47435294885673 -0.0649020368570114 1 0.998487209121652 0.862072095474908 -0.176646816906442 -0.749530766962169 -0.973416166194807 -0.940255490606958 0.128954512330872 -0.173148053979763 -1 -0.980521409271879 0.0352071970881654 0.968547504914368 0.572605030663406 0.572605030663406 -0.454057733669734 0.970644203416387 0.812615321621715 -0.956092678381482 -0.0998310002737579 -0.138211389823328 -0.138211389823332 0.0548914450808125 0.063180216140892 0.293730879335236 0.876407555761851 0.615880159937591 0.788044826104225 0.512211436382675 0.799317768103013 -0.648400676492767 -0.254525383247134 -0.264045856489834 0.0864124050324846 0.128448733550945 0.0974595170900875 0.0631802476105275 0.179526444301021 -0.270250535744021 -0.169759486805069 -0.992380056213397
