gamma sackin colless colless_corr colless_quad beta blum crown_age tree_height pigot_rho number_of_lineages nltt_base phylogenetic_div avg_ladder max_ladder cherries double_cherries four_prong il_number pitchforks stairs laplace_spectrum_a laplace_spectrum_p laplace_spectrum_e laplace_spectrum_g min_laplace max_laplace min_adj max_adj imbalance_steps j_one b1 b2 area_per_pair average_leaf_depth i_stat ew_colless max_del_width max_depth avg_vert_depth max_width mw_over_md tot_path tot_internal_path rogers stairs2 tot_coph var_depth symmetry_nodes mpd psv vpd mntd j_stat rquartet wiener max_betweenness max_closeness max_closenessW diameter eigen_centrality eigen_centralityW mean_branch_length var_branch_length mean_branch_length_int mean_branch_length_ext var_branch_length_int var_branch_length_ext treeness root_imbalance
gamma 1 0.322464980661037 0.0356545675235114 -0.167334236228294 0.363764305534833 0.230874791890985 -0.457615202355131 0.540502177709473 0.540502177709473 0.259901772687787 -0.128379204470448 0.917173311825779 0.00447928035796709 -0.233322339602825 -0.338752614172218 0.340678869690757 0.288363349461111 -0.0800102884217874 -0.340678869690757 0.150600500365633 -0.176618700264348 0.746151403354124 0.222952644913052 0.427800551813943 0.0738954688529508 0.0235822034128003 0.622663447532391 0.237353590532658 0.614673091491572 0.190191226695994 0.312142141753173 0.441306358410384 -0.0353509233217687 -0.418556975113374 -0.371995580739706 -0.301956422864853 -0.0977842427081856 0.102459498385693 -0.190191226695994 -0.365715990419873 0.330991706578904 0.223871688412242 0.322464980661036 0.322464980661036 -0.40986461929857 0.331146809721191 0.350046210525351 -0.147583308416392 -0.399699264345871 0.341491687775648 0.341491687775647 0.721975757292973 -0.476516338644993 0.34984444246254 0.157145890679637 0.603747683956774 0.210997271016937 0.411819316649645 -0.122165156425029 -0.437917641041785 -0.333908566060694 0.252595060898573 -0.030386312703885 0.320081604306861 0.387486072198744 -0.476516369608813 0.472471297310066 -0.0969772960299186 0.826972989290469 0.146734344857697
sackin 0.322464980661037 1 0.737348411977883 0.654625895324679 0.799712426930394 -0.230057713318103 -0.0681667887899758 0.532580192870326 0.532580192870326 -0.501753807221285 0.998669333242691 0.0749578961808584 0.487465837519395 0.35775413105688 0.254314858529757 0.120437823849251 0.598032257681845 0.20911071832222 -0.120437823849251 -0.527783982117421 0.0367095452541527 0.560308155760886 -0.139473594419706 0.341720399516638 0.368677093501449 -0.0998673976268117 0.552145377321982 0.25586607655542 0.544637715478781 0.0612693732888156 -0.30433492481612 0.174823132667231 -0.747298569671257 -0.539171072631046 -0.076642146335432 0.372676819629677 0.248216447110312 -0.719540664725932 -0.0612693732888155 -0.0371774191795768 -0.6253843998517 -0.388099863825368 1 1 -0.276372831945627 -0.160288165387446 0.731595540920061 0.211903854686591 -0.341408121592554 0.445667033232182 0.445667033232181 0.363440700549115 0.378684333429022 0.505014601007232 0.342954653426716 0.831027451705968 0.483612460818636 0.59049059204158 0.0797394901600014 -0.448004694807796 0.118967385206241 0.264375915629459 0.509923339857935 0.512579812835812 0.482810574621707 0.378684415803144 0.464029806095916 0.509625431072212 0.190776797080922 0.726387679985989
colless 0.0356545675235114 0.737348411977883 1 0.633016752600541 0.339987901258802 -0.432762258687298 0.39868787626037 0.509113782906512 0.509113782906512 -0.638543596575148 0.983846388590794 -0.0715061002694131 0.760484807909128 0.416546193273705 0.411121404867245 -0.168450583341934 0.181543993721016 0.162860877799364 0.168450583341934 -0.356225433051484 0.234718935664728 0.17085288883146 -0.562746399318962 0.474163484338797 -0.139615927605757 -0.286020092684899 0.384716691923758 0.104686849341036 0.385430988443179 -0.566595673711468 -0.720222338672564 -0.226417830288391 -0.37329711104192 0.0822728799790563 0.581466241572992 0.597355692534576 0.353512728297731 -0.57104348426771 0.566595673711468 0.607181988103204 -0.699901412144353 -0.741576410450785 0.737348411977883 0.737348411977883 0.146983982933939 -0.439301111045993 0.179709169620029 0.774648732906331 0.0681676563336684 0.486716515662566 0.486716515662564 0.436876035819555 0.593732595381071 0.208169168968879 -0.324855778237326 0.548842248970391 -0.17441140326 -0.0339336187303209 -0.146064375958352 0.143988873708234 -0.0283871982951908 -0.0261091238294019 0.465517401727967 0.409299646865768 0.212838393445255 0.593732823930737 0.230610882790648 0.681856496344942 -0.273691647840477 0.528966413920635
colless_corr -0.167334236228294 0.654625895324679 0.633016752600541 1 0.293857521238449 -0.755506485116176 0.366008882519927 0.230668895200478 0.230668895200478 -0.716230060533575 -0.696268920953736 -0.27732071157773 0.390955503798829 0.490959589387211 0.449949323778631 -0.193244242317488 -0.0143320951633728 0.218367843071304 0.193244242317488 -0.266735812096244 0.331153208420905 0.164551332947674 -0.153762704888849 0.165908968430289 0.1732167226371 -0.544624622865756 0.231683607121004 0.26166639708606 0.228879850136301 -0.327486842941087 -0.780289417300301 -0.251097624828905 -0.781792929888315 -0.100841063200799 0.36486690949361 0.820875362659185 0.489455918624983 -0.565726531794365 0.327486842941087 0.404838902584609 -0.797902958268719 -0.797151429365062 0.65462589532468 0.654625895324679 0.170324638937191 -0.57364603653222 0.253162353018051 0.48741600284656 0.133137557812375 0.254331561035547 0.254331561035547 -0.0308307532421849 0.659916964633335 0.303091665448688 0.101526160733447 0.223441333560985 0.14648701501924 0.164311756624382 -0.00524410341861198 0.0340376969685838 -0.0291919943637954 0.357505944272661 0.506798038375606 0.396694695995875 0.215170747466305 0.659916870380525 0.269634590327525 0.696645834071138 -0.34645176443135 0.468631602346735
colless_quad 0.363764305534833 0.799712426930394 0.339987901258802 0.293857521238449 1 0.133336095691494 -0.54039753561256 0.354464764191046 0.354464764191046 -0.266174582155306 0.936661401253382 0.10922774181133 0.180021135898246 -0.0194241690187804 -0.160429763126871 0.464089010985728 0.914140037632777 -0.149950375090473 -0.464089010985728 -0.651079657727802 -0.28306781623366 0.562360942831841 -0.0138039260455295 0.137244510955384 0.709820329041326 0.115380477868604 0.422866662168912 0.142115970039753 0.407973958823692 0.517157962288889 0.170984168590701 0.588503519656657 -0.533170437056176 -0.832496663242547 -0.502816967247563 -0.127657946668324 -0.140160006276137 -0.653432222318025 -0.517157962288888 -0.476436172142495 -0.280667717842089 0.137954794210189 0.799712426930394 0.799712426930395 -0.666823533027202 0.271856578664404 0.981240249873123 -0.253566900585561 -0.729585801637988 0.254858121227208 0.25485812122721 0.1967906231649 0.0635271543512409 0.436316158034417 0.704812684801828 0.854149716037991 0.813843728364584 0.669654120129078 0.199157408811043 -0.817852437756624 0.1780612322396 0.0579991699862622 0.309205688411042 0.289034872704895 0.442977907059459 0.0635271674304946 0.346025992021462 0.0993220472987965 0.440211213629076 0.705610342001819
beta 0.230874791890985 -0.230057713318103 -0.432762258687298 -0.755506485116176 0.133336095691494 1 -0.586819570340435 0.206037226737542 0.206037226737542 0.346455438712276 -0.249820797418186 0.151314745528226 -0.0132277859008922 -0.437897531181034 -0.445151446584713 0.404306169853084 0.394397273070577 -0.147892194072696 -0.404306169853084 -0.0427752401671343 -0.425287636240184 -0.0661727388231975 0.0812228440778737 0.147058679959921 0.0799065183190379 0.443919643991866 0.232405663921434 -0.28860434546788 0.233146545394571 0.502062404900507 0.863323185658869 0.489167828138555 0.500214565574282 -0.334820186756041 -0.614372549707216 -0.808136994113791 -0.539700002695792 0.261065044551945 -0.502062404900507 -0.638171839056391 0.660848371753077 0.838328540031618 -0.230057713318103 -0.230057713318103 -0.413396953630004 0.665324749324693 0.177067147908006 -0.571075776407617 -0.39459639844264 0.222928190429359 0.22292819042936 0.241925991283629 -0.288398978672407 0.302026750095123 0.22242435860996 0.202236288425126 0.235277141903942 0.286434178537972 -0.194856354686395 -0.420439933254625 0.334334398369815 -0.0725423862662062 0.074024648339044 0.142090618338554 0.393667296978592 -0.288398916619478 0.250786519748542 -0.348722451197527 0.627142569590888 -0.064105858111228
blum -0.457615202355131 -0.0681667887899758 0.39868787626037 0.366008882519927 -0.54039753561256 -0.586819570340435 1 -0.0934814827107626 -0.0934814827107626 -0.218131563387767 0.993892417068331 -0.240930677551969 0.206718146830869 0.705633231661557 0.820274243634008 -0.910651515194999 -0.659097340670781 0.630530443743612 0.910651515194999 0.389524219877702 0.803287776632011 -0.220185541652558 -0.100650901977656 0.0258049108312163 -0.599041097831043 -0.427537783386855 -0.157973660167473 0.187411805098199 -0.137005546260555 -0.655483561189414 -0.703715345969246 -0.975735291207948 -0.121205391699297 0.820511695413774 0.754325487861206 0.818060230909249 0.797176521107699 -0.142266630127888 0.655483561189414 0.758842711436735 -0.604836952023507 -0.763551147279365 -0.0681667887899758 -0.0681667887899761 0.93719110032218 -0.913941939423285 -0.591793964601849 0.614397906083807 0.911321686913726 -0.0294031757428122 -0.0294031757428134 -0.0248848750350567 0.405701924933652 -0.217857035584203 -0.587603568117476 -0.445588447753306 -0.592196032390358 -0.544505012201661 -0.176207154357668 0.887290321056897 -0.142684515232147 0.195613475828842 0.0053695538312966 0.0517474536158206 -0.356757642932063 0.405702191841344 -0.094206814961701 0.275149647985988 -0.769021845395467 -0.374471248726659
crown_age 0.540502177709473 0.532580192870326 0.509113782906512 0.230668895200478 0.354464764191046 0.206037226737542 -0.0934814827107626 1 1 -0.271213139690166 0.0478574647977204 0.417544642464087 0.779571274147752 -0.0399512280485196 -0.0622265979654969 0.14124000306992 0.272461061385112 0.0699832400076268 -0.14124000306992 -0.0741215642785432 -0.00690921295998378 0.369351134272315 -0.251357787023768 0.947900453041125 -0.150610753981898 -0.287465505110058 0.966278302716242 0.140275719035745 0.965715158580975 -0.256304503773813 -0.0972126306406953 0.156453751735149 -0.0473558560631831 -0.239490748731831 0.0311997974866969 0.0979162550425507 0.0707787542112531 -0.0973906227733016 0.256304503773813 0.0465379205549834 -0.069505545556903 -0.190231709475431 0.532580192870326 0.532580192870326 -0.163939265162878 0.00699331685374262 0.274250173397767 0.340689926672127 -0.192853100175009 0.96523052502365 0.96523052502365 0.878393436490264 0.422559258534504 0.832007200819568 -0.071345661713567 0.696080953223714 0.0415976937257115 0.300976365196351 -0.699923049304488 -0.221124407645574 -0.154306486780043 0.426433160613101 0.756808884861921 0.874912011899305 0.849457028975947 0.422559318969726 0.844860697013944 0.571619525187306 0.514474169824719 0.394889654241414
tree_height 0.540502177709473 0.532580192870326 0.509113782906512 0.230668895200478 0.354464764191046 0.206037226737542 -0.0934814827107626 1 1 -0.271213139690166 0.0478574647977204 0.417544642464087 0.779571274147752 -0.0399512280485196 -0.0622265979654969 0.14124000306992 0.272461061385112 0.0699832400076268 -0.14124000306992 -0.0741215642785432 -0.00690921295998378 0.369351134272315 -0.251357787023768 0.947900453041125 -0.150610753981898 -0.287465505110058 0.966278302716242 0.140275719035745 0.965715158580975 -0.256304503773813 -0.0972126306406953 0.156453751735149 -0.0473558560631831 -0.239490748731831 0.0311997974866969 0.0979162550425507 0.0707787542112531 -0.0973906227733016 0.256304503773813 0.0465379205549834 -0.069505545556903 -0.190231709475431 0.532580192870326 0.532580192870326 -0.163939265162878 0.00699331685374262 0.274250173397767 0.340689926672127 -0.192853100175009 0.96523052502365 0.96523052502365 0.878393436490264 0.422559258534504 0.832007200819568 -0.071345661713567 0.696080953223714 0.0415976937257115 0.300976365196351 -0.699923049304488 -0.221124407645574 -0.154306486780043 0.426433160613101 0.756808884861921 0.874912011899305 0.849457028975947 0.422559318969726 0.844860697013944 0.571619525187306 0.514474169824719 0.394889654241414
pigot_rho 0.259901772687787 -0.501753807221285 -0.638543596575148 -0.716230060533575 -0.266174582155306 0.346455438712276 -0.218131563387767 -0.271213139690166 -0.271213139690166 1 -0.0764071114990121 0.429576064575469 -0.527405533972102 -0.406324110606077 -0.354556592060528 0.0101180036168 -0.085587412996003 0.0207500752585886 -0.0101180036168 0.389076968952551 -0.241469931964708 0.141878225269613 0.375895831378896 -0.165238296307374 -0.0763963938226619 0.587865496558691 -0.214267174784865 0.0170281550478225 -0.216474606872944 0.34916593356153 0.602956875633831 0.0975405552942481 0.461375554015067 0.0470081565972875 -0.39807818911166 -0.54577091654258 -0.208734741401057 0.584853016960853 -0.34916593356153 -0.42136287891082 0.532544532472749 0.533086279105312 -0.501753807221285 -0.501753807221285 -0.121855788950352 0.369857856016072 -0.185692584895074 -0.47267133471437 -0.0744075531722993 -0.371104999534802 -0.371104999534801 -0.0881620438285384 -0.637393070374274 -0.308158326340973 0.0590499361291917 -0.266894315167084 -0.00801165182768202 0.0449601971796595 0.0821535358338679 -0.0519212657881269 -0.214491805321236 -0.0152319004655332 -0.541309055348926 -0.454506347233449 -0.293548497348868 -0.637393091015318 -0.30063402130757 -0.681595173778653 0.304611488717519 -0.402540012327482
number_of_lineages -0.128379204470448 0.998669333242691 0.983846388590794 -0.696268920953736 0.936661401253382 -0.249820797418186 0.993892417068331 0.0478574647977204 0.0478574647977204 -0.0764071114990121 1 0.642245108232374 0.789769653828726 0.244241888005021 0.407235976560278 0.964136981344726 0.831918114164274 0.566390626370654 0.737336488738239 0.740357032352108 -0.258386524325938 -0.158274192231489 0.656886555994008 0.833060730927945 0.697423663765067 -0.304078523742491 -0.0683230636394643 -0.219807657637566 -0.0570035324510397 0.991354593322963 -0.566443226881452 0.98752542903695 0.90986235539813 0.934316115317808 0.94629168373458 -0.00346064534305636 -0.329606670551405 0.647587267184891 0.739665475512368 0.943782916765158 0.958473234434206 0.67407250416148 0.998259149174454 0.997625650966427 0.955567616053975 0.0790031282274016 0.957588162161608 0.57390186662369 0.951247009746612 -0.00189258301287877 -0.00189258301287842 -0.0403333045888228 -0.324816321741089 -0.681176818500841 0.910746009122027 0.961030512741073 0.969230009485676 -0.83720494830093 -0.661766443751859 0.788256275624198 -0.876614402932452 0.254412764598076 -0.465918610451937 -0.339748580698831 -0.481673260485802 -0.324816652288746 -0.390236506367292 -0.063556417608435 -0.0816268359672506 0.225981842936187
nltt_base 0.917173311825779 0.0749578961808584 -0.0715061002694131 -0.27732071157773 0.10922774181133 0.151314745528226 -0.240930677551969 0.417544642464087 0.417544642464087 0.429576064575469 0.642245108232374 1 -0.133026655993141 -0.223972952110286 -0.272297665780751 0.0727469254624233 0.0273421528890186 0.0240544535638356 -0.0727469254624233 0.459619398745865 0.0438608536855076 0.733238993124912 0.298971075007071 0.396023172393987 -0.0548895351792905 -0.103045895529472 0.507825877097587 0.309162577917581 0.504559712012833 0.085992246546576 0.26936563355822 0.185774152914432 0.124216453572983 -0.129604133835555 -0.236598865594203 -0.234046036345443 0.0807659014092554 0.189440620626581 -0.0859922465465763 -0.239331074408856 0.322892776507833 0.155908824244159 0.074957896180858 0.0749578961808579 -0.141508798144117 0.147937580000833 0.104034492161715 -0.111484548577616 -0.130366984517128 0.209430725407158 0.209430725407157 0.697658764044094 -0.573671879496269 0.172493215818923 0.00947455919384791 0.334594002733551 0.0282395253632456 0.151527852253486 -0.228249894098156 -0.168218118303395 -0.508461465669713 0.295930471351044 -0.230795545928123 0.18358312708901 0.152991743703024 -0.57367182861793 0.356225575840247 -0.297927269332306 0.66544007772515 -0.121766965150881
phylogenetic_div 0.00447928035796709 0.487465837519395 0.760484807909128 0.390955503798829 0.180021135898246 -0.0132277859008922 0.206718146830869 0.779571274147752 0.779571274147752 -0.527405533972102 0.789769653828726 -0.133026655993141 1 0.0939013241565053 0.13037214185177 0.0383997626280409 0.165321506264941 0.00552274256164369 -0.038399762628041 -0.344931603992226 -0.0230573882079319 -0.113629436612082 -0.640394874862135 0.799331372271175 -0.324522341682826 -0.197908253740626 0.617246468938731 -0.0640157235758948 0.618916046105892 -0.589780068897499 -0.455921222818212 -0.0585136380963331 0.00833805415873702 0.0494757872136199 0.45886190359943 0.312434727437137 0.0377635093164344 -0.156459488482782 0.589780068897499 0.472717625381035 -0.309299502700097 -0.460254976831887 0.487465837519395 0.487465837519395 0.0119226262268994 -0.149160501145136 0.0424245526868695 0.698973553051985 -0.0345823085606918 0.854154865602518 0.854154865602517 0.564144004165462 0.793454006735926 0.558257575699078 -0.3834456593243 0.508256081367948 -0.253525864475602 -0.00298802456098825 -0.590903185055008 0.0738326622430168 0.0178774881777537 0.0606633859771547 0.827350422016827 0.674934107593203 0.620704731472089 0.793454116757666 0.487351245864213 0.82860865430538 -0.0240616068349383 0.469389506273162
avg_ladder -0.233322339602825 0.35775413105688 0.416546193273705 0.490959589387211 -0.0194241690187804 -0.437897531181034 0.705633231661557 -0.0399512280485196 -0.0399512280485196 -0.406324110606077 0.244241888005021 -0.223972952110286 0.0939013241565053 1 0.976228191678365 -0.737954834121007 -0.178872152200119 0.743887120321995 0.737954834121007 0.0490802972837095 0.789623451857482 0.0674565449591765 0.196660895805226 -0.162207112378182 -0.27564143498039 -0.325949312127323 -0.00246702633520869 0.319776756377118 0.0186076957756182 -0.156507752474553 -0.457966437503958 -0.706233543923529 -0.589355803847441 0.325384524912324 0.2843047835827 0.770531126429967 0.820872173806345 -0.503954755633109 0.156507752474553 0.305263285166359 -0.686080401201106 -0.538888618922691 0.35775413105688 0.35775413105688 0.65350857774923 -0.815189448913566 -0.0308704069162119 0.236465710194497 0.611833369010388 -0.0101237216001181 -0.010123721600119 -0.00948854161792498 0.288858713834408 0.0512166308366247 -0.0649818668676483 -0.0373257496672413 -0.0356016247416443 -0.0586567275279288 0.15051403354276 0.436428572257689 0.117284855164194 0.317814585548987 0.090163834295619 0.251701519689108 -0.111118370122821 0.288858979715755 0.172658229320403 0.288275194941862 -0.462955506133357 -0.201498563395651
max_ladder -0.338752614172218 0.254314858529757 0.411121404867245 0.449949323778631 -0.160429763126871 -0.445151446584713 0.820274243634008 -0.0622265979654969 -0.0622265979654969 -0.354556592060528 0.407235976560278 -0.272297665780751 0.13037214185177 0.976228191678365 1 -0.837316561395076 -0.295237121957825 0.794496295885973 0.837316561395075 0.129741383527383 0.83866642351402 -0.00923083879908711 0.165159964952477 -0.122827242261253 -0.363816005553225 -0.330183758086637 -0.047751627916418 0.328359480070211 -0.0250805606934328 -0.260574206137364 -0.499644023336559 -0.823788721263944 -0.487536521182258 0.467159128704008 0.386759447579813 0.801875414278183 0.858008537046842 -0.435801379621044 0.260574206137364 0.403642305340045 -0.699179526106817 -0.591486053849598 0.254314858529758 0.254314858529757 0.771860894973354 -0.877557729275661 -0.176525193441879 0.307653604725375 0.73272878573741 -0.0120265770526102 -0.0120265770526112 -0.0289839497229133 0.347453139310208 0.00179052717231062 -0.187216581348929 -0.155792219178464 -0.16542184518271 -0.168132006337109 0.0493109432603606 0.575700399983008 0.0740897813209324 0.31482738252446 0.0860402040949404 0.208117037024794 -0.170153153156628 0.34745344864031 0.109735181005499 0.274778645191927 -0.56672509603737 -0.2778003434295
cherries 0.340678869690757 0.120437823849251 -0.168450583341934 -0.193244242317488 0.464089010985728 0.404306169853084 -0.910651515194999 0.14124000306992 0.14124000306992 0.0101180036168 0.964136981344726 0.0727469254624233 0.0383997626280409 -0.737954834121007 -0.837316561395076 1 0.584837199825355 -0.795012412062746 -1 -0.553068571891217 -0.915004351462058 0.0175217717127108 -0.201514547662314 0.0633037421032854 0.458867798566173 0.408581692148856 0.114837661501333 -0.29702316089798 0.0910339014751616 0.337872764920893 0.416577396900673 0.969556829676277 0.157091418943466 -0.716294400189662 -0.450380272912892 -0.694263422024091 -0.896555445317226 0.196565465461941 -0.337872764920893 -0.452186288807553 0.538947173318579 0.541498667627258 0.120437823849251 0.120437823849251 -0.941015399560491 0.899998206611004 0.460699053534933 -0.279780203068646 -0.915831406175801 0.119352040891919 0.119352040891919 0.00948229859567654 -0.171493545426674 0.159191070530026 0.332789229992086 0.46085285847334 0.359254704014658 0.405503155610328 0.150708131027842 -0.774720034824099 0.126193899694979 -0.384153202263273 0.132518988814047 -0.0535840256159599 0.361301037144326 -0.171493869472533 -0.00506257888590145 0.026093582914826 0.596274721150272 0.526858307910406
double_cherries 0.288363349461111 0.598032257681845 0.181543993721016 -0.0143320951633728 0.914140037632777 0.394397273070577 -0.659097340670781 0.272461061385112 0.272461061385112 -0.085587412996003 0.831918114164274 0.0273421528890186 0.165321506264941 -0.178872152200119 -0.295237121957825 0.584837199825355 1 -0.298501985326758 -0.584837199825355 -0.765835003239161 -0.473237981492802 0.37381012553796 -0.022166179222604 0.0856900942093038 0.597935007987916 0.402414579842754 0.295256296136239 0.0803920474295882 0.280815897077799 0.57993900825514 0.397140166647377 0.696533792053572 -0.237875505576067 -0.786807384516581 -0.575749699636206 -0.398243563027678 -0.389627196732145 -0.423729491446245 -0.57993900825514 -0.562761428840518 -0.0243954483264418 0.404952720292867 0.598032257681845 0.598032257681845 -0.767883931547471 0.496490961905004 0.895142843380482 -0.354731411520956 -0.821830676736324 0.215152335344986 0.215152335344987 0.135587634494066 -0.0112796879745515 0.343984247647673 0.632060834158056 0.806760297359096 0.735471540492842 0.571211216567699 0.171360248998639 -0.819153140881244 0.180260432017042 -0.19220809310119 0.240236639217036 0.134159818064867 0.398395457768155 -0.0112796316650177 0.190959098361149 -0.0147014076970727 0.475922281146065 0.567961398849735
four_prong -0.0800102884217874 0.20911071832222 0.162860877799364 0.218367843071304 -0.149950375090473 -0.147892194072696 0.630530443743612 0.0699832400076268 0.0699832400076268 0.0207500752585886 0.566390626370654 0.0240544535638356 0.00552274256164369 0.743887120321995 0.794496295885973 -0.795012412062746 -0.298501985326758 1 0.795012412062746 0.421991459615914 0.734413864259112 0.249536473499262 0.357855304598962 0.0273722996117132 -0.200946365047005 -0.186760116027438 0.166464766315993 0.297845323082944 0.186028923898358 -0.00678454682849691 -0.147126081306198 -0.711191222058904 -0.44580900424547 0.258820062929661 0.038380918328161 0.556461502223463 0.823775794143222 -0.319652650164895 0.00678454682849708 0.0534139280659637 -0.523898026910212 -0.363427314865822 0.20911071832222 0.20911071832222 0.669626461898418 -0.687485610891379 -0.107496701736334 0.00465794035718761 0.658289054248357 0.0473056236360062 0.0473056236360058 0.112544815563649 0.148973612788303 0.193565972689736 -0.00055390134611559 -0.136019644432325 0.00894271347023465 0.190171929776183 -0.0557144271416391 0.368227810609131 0.163005952664413 0.670595806092633 0.0831393626282603 0.306096856512995 0.0150889932207388 0.148973881308099 0.303759823259088 0.0328960506475128 -0.198342586174658 -0.235590231334742
il_number -0.340678869690757 -0.120437823849251 0.168450583341934 0.193244242317488 -0.464089010985728 -0.404306169853084 0.910651515194999 -0.14124000306992 -0.14124000306992 -0.0101180036168 0.737336488738239 -0.0727469254624233 -0.038399762628041 0.737954834121007 0.837316561395075 -1 -0.584837199825355 0.795012412062746 1 0.553068571891217 0.915004351462058 -0.0175217717127107 0.201514547662314 -0.0633037421032854 -0.458867798566173 -0.408581692148856 -0.114837661501333 0.29702316089798 -0.0910339014751616 -0.337872764920893 -0.416577396900673 -0.969556829676277 -0.157091418943466 0.716294400189662 0.450380272912892 0.694263422024091 0.896555445317227 -0.19656546546194 0.337872764920893 0.452186288807553 -0.538947173318578 -0.541498667627257 -0.120437823849251 -0.120437823849251 0.941015399560491 -0.899998206611004 -0.460699053534933 0.279780203068645 0.9158314061758 -0.119352040891919 -0.119352040891919 -0.00948229859567651 0.171493545426674 -0.159191070530026 -0.332789229992086 -0.46085285847334 -0.359254704014658 -0.405503155610328 -0.150708131027842 0.774720034824099 -0.126193899694979 0.384153202263273 -0.132518988814047 0.0535840256159599 -0.361301037144326 0.171493869472532 0.00506257888590154 -0.026093582914826 -0.596274721150272 -0.526858307910406
pitchforks 0.150600500365633 -0.527783982117421 -0.356225433051484 -0.266735812096244 -0.651079657727802 -0.0427752401671343 0.389524219877702 -0.0741215642785432 -0.0741215642785432 0.389076968952551 0.740357032352108 0.459619398745865 -0.344931603992226 0.0490802972837095 0.129741383527383 -0.553068571891217 -0.765835003239161 0.421991459615914 0.553068571891217 1 0.500165057867512 0.0885765405410824 0.274454624626767 0.0515139562552646 -0.358715017087613 -0.390206106247517 0.0159852123592776 0.00356271297475941 0.0296600952335997 -0.184696778125894 0.0306640195390507 -0.516417646472966 0.258025652831628 0.517055464869295 0.140518555631177 0.110846986194323 0.431464442699609 0.314784835206138 0.184696778125894 0.124573046518698 0.171522541922297 -0.0873310716766937 -0.527783982117421 -0.527783982117421 0.605519793594158 -0.339571910586007 -0.594419774744666 -0.0269964693585339 0.648579293683889 -0.138376646970333 -0.138376646970333 0.181579559858546 -0.355045192765604 -0.140606232815303 -0.308591029561768 -0.571032050461252 -0.398851176954621 -0.287048576055876 -0.24761201589579 0.514261782555412 -0.198804202832833 0.464415493854091 -0.354249218173664 0.00830172575153488 -0.240256424617803 -0.35504516015812 0.100704300919827 -0.370270561696982 -0.0115812014506787 -0.576674194710755
stairs -0.176618700264348 0.0367095452541527 0.234718935664728 0.331153208420905 -0.28306781623366 -0.425287636240184 0.803287776632011 -0.00690921295998378 -0.00690921295998378 -0.241469931964708 -0.258386524325938 0.0438608536855076 -0.0230573882079319 0.789623451857482 0.83866642351402 -0.915004351462058 -0.473237981492802 0.734413864259112 0.915004351462058 0.500165057867512 1 0.175710497259372 0.320158725479615 0.000686983050403628 -0.328893539095767 -0.653880579188917 0.0591399476177713 0.472485292658013 0.0816447713749731 -0.274483791182739 -0.431440346512 -0.862045316575402 -0.314588749827434 0.568847876595504 0.374841293419931 0.743343542007371 0.945468814282634 -0.35559722078503 0.274483791182739 0.383109957760541 -0.564352380332821 -0.551002072223973 0.0367095452541529 0.0367095452541529 0.87343392546074 -0.926912830851308 -0.280696279923899 0.242388323739625 0.839781797930041 0.00181688357773556 0.00181688357773603 0.137248811544944 0.148952940030162 0.0118103030978086 -0.196518979705691 -0.288661587797445 -0.215269384221221 -0.346357005229154 -0.21010328764724 0.653384217293331 -0.22573194297249 0.466474562853202 -0.0584599538599006 0.217869876650041 -0.221694247325692 0.148953268368381 0.203503094833157 0.0259421462568354 -0.45557542767716 -0.489985608139002
laplace_spectrum_a 0.746151403354124 0.560308155760886 0.17085288883146 0.164551332947674 0.562360942831841 -0.0661727388231975 -0.220185541652558 0.369351134272315 0.369351134272315 0.141878225269613 -0.158274192231489 0.733238993124912 -0.113629436612082 0.0674565449591765 -0.00923083879908711 0.0175217717127108 0.37381012553796 0.249536473499262 -0.0175217717127107 0.0885765405410824 0.175710497259372 1 0.467019331700975 0.255508909687536 0.414647171787151 -0.140290301840068 0.51763267106921 0.613249050291009 0.509484833941559 0.342072645237128 0.134789425311627 0.183228338028113 -0.469459862060208 -0.456861324510052 -0.398635793410265 0.0519073321535978 0.318670829120197 -0.372416655233818 -0.342072645237128 -0.377152782473644 -0.201147804996528 -0.0338786059205786 0.560308155760886 0.560308155760886 -0.209989186768407 -0.0579602936813046 0.57583576809651 -0.219041844085788 -0.23625276690338 0.15890807709739 0.158908077097391 0.488009727721737 -0.336009568686646 0.317843236934992 0.444529675688491 0.569714423173774 0.498015142473059 0.493761324720974 -0.0273968140861642 -0.411685901700917 -0.382864434310296 0.457386406638151 -0.0638043729161914 0.229593201540704 0.207082377721252 -0.336009441748307 0.392312370667952 -0.204127297739888 0.52997216362797 0.188083947307945
laplace_spectrum_p 0.222952644913052 -0.139473594419706 -0.562746399318962 -0.153762704888849 -0.0138039260455295 0.0812228440778737 -0.100650901977656 -0.251357787023768 -0.251357787023768 0.375895831378896 0.656886555994008 0.298971075007071 -0.640394874862135 0.196660895805226 0.165159964952477 -0.201514547662314 -0.022166179222604 0.357855304598962 0.201514547662314 0.274454624626767 0.320158725479615 0.467019331700975 1 -0.330290872858439 0.190314526755533 -0.00221398015692598 -0.053361109770126 0.670361276701334 -0.0487865071493459 0.576173951231475 0.444082278402139 -0.0643619815549233 -0.262466321855767 -0.148774062079844 -0.574017343876968 -0.0507500702035766 0.290682760903723 0.0943758006896863 -0.576173951231475 -0.572123751796666 0.150197590536622 0.335409245855603 -0.139473594419706 -0.139473594419705 0.0991296677797834 -0.0918084176477238 0.131159854758872 -0.661997995930281 0.138729448448438 -0.295688782073402 -0.2956887820734 -0.136564503794824 -0.484761848567248 0.0701422930256537 0.488132617835083 -0.17891725753195 0.393763383950462 0.235640783049626 0.0797995321967693 -0.0957979437076376 -0.315207570854146 0.419446158793239 -0.338301348061878 -0.117488832567791 -0.103306498471428 -0.484761807555352 0.0826189330512266 -0.49973309356222 0.275104138508153 -0.548847209690146
laplace_spectrum_e 0.427800551813943 0.341720399516638 0.474163484338797 0.165908968430289 0.137244510955384 0.147058679959921 0.0258049108312163 0.947900453041125 0.947900453041125 -0.165238296307374 0.833060730927945 0.396023172393987 0.799331372271175 -0.162207112378182 -0.122827242261253 0.0633037421032854 0.0856900942093038 0.0273722996117132 -0.0633037421032854 0.0515139562552646 0.000686983050403628 0.255508909687536 -0.330290872858439 1 -0.273140583099659 -0.302991863492371 0.874697854001637 0.12837797456928 0.873942813537164 -0.435806748926571 -0.17812852429932 0.0421152455615839 0.146423787324244 -0.0350395528931883 0.203856158662847 0.109813835439814 0.0614938202153885 0.0632685214754885 0.435806748926571 0.212007843999691 -0.0334361031825974 -0.263512734974373 0.341720399516638 0.341720399516637 -0.0474083540658898 -0.0326994802180647 0.0463416290229189 0.467756943611289 -0.0689858231133002 0.931253475608021 0.931253475608021 0.839796876713367 0.461438168104313 0.706853262862793 -0.266720151441295 0.511434757058871 -0.172389952000676 0.0970884400551683 -0.831737258651191 -0.0348584914466393 -0.287272555911015 0.367828429035872 0.7031824303529 0.758985952326624 0.726076876710191 0.461438238234343 0.706382507414365 0.538459889165998 0.378094204438192 0.294266448370079
laplace_spectrum_g 0.0738954688529508 0.368677093501449 -0.139615927605757 0.1732167226371 0.709820329041326 0.0799065183190379 -0.599041097831043 -0.150610753981898 -0.150610753981898 -0.0763963938226619 0.697423663765067 -0.0548895351792905 -0.324522341682826 -0.27564143498039 -0.363816005553225 0.458867798566173 0.597935007987916 -0.200946365047005 -0.458867798566173 -0.358715017087613 -0.328893539095767 0.414647171787151 0.190314526755533 -0.273140583099659 1 0.0823375155806099 -0.0121039075982088 0.0208328211288724 -0.0321335249963834 0.701686594272736 0.301962739181648 0.572191722315531 -0.477217593865895 -0.798673089268656 -0.623652455872369 -0.256041556637512 -0.229291455922509 -0.529080085138786 -0.701686594272736 -0.606694118729199 -0.151647914416671 0.276831510196363 0.368677093501449 0.36867709350145 -0.596429425101281 0.342356707750327 0.780946748556103 -0.559652116200066 -0.615433384841418 -0.233260827383494 -0.233260827383491 -0.303091335426589 -0.166449713150743 0.113277578608582 0.844044815835891 0.31693878795962 0.848715578480734 0.613348436404011 0.397337544901578 -0.774266943280067 0.27147431793428 0.0855209289696061 -0.0346562221798319 -0.123272428788441 0.0939324701562926 -0.166449863276331 -0.00479149265904819 -0.303227207736472 0.279650469853033 0.54351034750487
min_laplace 0.0235822034128003 -0.0998673976268117 -0.286020092684899 -0.544624622865756 0.115380477868604 0.443919643991866 -0.427537783386855 -0.287465505110058 -0.287465505110058 0.587865496558691 -0.304078523742491 -0.103045895529472 -0.197908253740626 -0.325949312127323 -0.330183758086637 0.408581692148856 0.402414579842754 -0.186760116027438 -0.408581692148856 -0.390206106247517 -0.653880579188917 -0.140290301840068 -0.00221398015692598 -0.302991863492371 0.0823375155806099 1 -0.333840764993123 -0.250076612415278 -0.342433686443054 0.404696108859732 0.541654450938262 0.422875569668761 0.258965828829155 -0.275579534811431 -0.407188599848029 -0.618233539052013 -0.576026771082617 0.323125846396719 -0.404696108859732 -0.419605942236264 0.392516743405263 0.570169120106341 -0.099867397626812 -0.0998673976268121 -0.496212948424588 0.634580509954078 0.137281153145902 -0.376284874296352 -0.472732330641545 -0.309668371752328 -0.309668371752329 -0.285152525005941 -0.31835221581553 -0.2822105154257 0.130809372111057 0.108017093383299 0.149582888277653 0.292784417652196 0.435916485329549 -0.349560915120986 0.266554300926181 -0.457439582671346 -0.260100090566651 -0.466548736472739 -0.133909963400527 -0.318352247614803 -0.442250528490879 -0.298916067331857 0.213036743152682 0.0964866752770805
max_laplace 0.622663447532391 0.552145377321982 0.384716691923758 0.231683607121004 0.422866662168912 0.232405663921434 -0.157973660167473 0.966278302716242 0.966278302716242 -0.214267174784865 -0.0683230636394643 0.507825877097587 0.617246468938731 -0.00246702633520869 -0.047751627916418 0.114837661501333 0.295256296136239 0.166464766315993 -0.114837661501333 0.0159852123592776 0.0591399476177713 0.51763267106921 -0.053361109770126 0.874697854001637 -0.0121039075982088 -0.333840764993123 1 0.215974541304143 0.999548593778955 -0.0683627876162142 0.0170521266827978 0.178206438918762 -0.170784518438213 -0.353417021186188 -0.151817251214426 0.0824856202705866 0.147514917482096 -0.161565316200583 0.0683627876162142 -0.133515279226666 -0.069769304151454 -0.112680537517073 0.552145377321982 0.552145377321982 -0.177826409056737 -0.00376269739152094 0.382072251092017 0.149042079469232 -0.201193554542686 0.903200664656921 0.903200664656921 0.856543166445973 0.303896111596075 0.891434544031242 0.122472499552533 0.690404291365687 0.217245754580439 0.439254517943781 -0.642702147488482 -0.320793929699453 -0.133838284037176 0.591403121784603 0.700976164216572 0.900603049571919 0.86926320764182 0.303896149117056 0.927416704959382 0.446412979770837 0.620404933079238 0.359256270776607
min_adj 0.237353590532658 0.25586607655542 0.104686849341036 0.26166639708606 0.142115970039753 -0.28860434546788 0.187411805098199 0.140275719035745 0.140275719035745 0.0170281550478225 -0.219807657637566 0.309162577917581 -0.0640157235758948 0.319776756377118 0.328359480070211 -0.29702316089798 0.0803920474295882 0.297845323082944 0.29702316089798 0.00356271297475941 0.472485292658013 0.613249050291009 0.670361276701334 0.12837797456928 0.0208328211288724 -0.250076612415278 0.215974541304143 1 0.217789037703455 0.0561473402666788 -0.1072118739319 -0.221780215242691 -0.347302525597644 0.021194609647664 -0.070170255241894 0.355850597930725 0.493779236300007 -0.126787999061617 -0.0561473402666788 -0.0552880459523511 -0.267693938941606 -0.20618749737349 0.25586607655542 0.25586607655542 0.198849109820926 -0.397989723750196 0.16251346323302 -0.0279351219450267 0.183991418590684 0.100895465510047 0.100895465510048 0.201642859902584 -0.0315291729888207 0.189755357083598 0.165450737647045 0.16036503851621 0.159848551610901 -0.00269835861187611 -0.270691440621787 0.0947565867050227 -0.72554349510058 0.312763690860158 -0.0192555061555339 0.0794685744286075 -0.00429592063599914 -0.0315289431402287 0.158965929252447 -0.0409487956646302 0.0478722973634058 -0.31821277949909
max_adj 0.614673091491572 0.544637715478781 0.385430988443179 0.228879850136301 0.407973958823692 0.233146545394571 -0.137005546260555 0.965715158580975 0.965715158580975 -0.216474606872944 -0.0570035324510397 0.504559712012833 0.618916046105892 0.0186076957756182 -0.0250805606934328 0.0910339014751616 0.280815897077799 0.186028923898358 -0.0910339014751616 0.0296600952335997 0.0816447713749731 0.509484833941559 -0.0487865071493459 0.873942813537164 -0.0321335249963834 -0.342433686443054 0.999548593778955 0.217789037703455 1 -0.075858407919324 0.0133179308624268 0.154942447447726 -0.168066578498238 -0.333464155721498 -0.142779635865687 0.0945458384365242 0.166063941620155 -0.161353472934949 0.075858407919324 -0.124769202564009 -0.0745095409606744 -0.118367755557484 0.544637715478781 0.544637715478781 -0.153561362982483 -0.0226625595629214 0.367326448241014 0.153403941297165 -0.177219197515623 0.905211106128206 0.905211106128207 0.860437015615045 0.307605537544008 0.891772858578174 0.111103364516732 0.679035015380591 0.205241291944949 0.427370696812465 -0.649171203436889 -0.300095558261219 -0.131053638683156 0.59890292203656 0.700745534961556 0.907756802381008 0.865870266981255 0.307605584051411 0.933146096233925 0.447790650689113 0.609769010070644 0.340120581482509
imbalance_steps 0.190191226695994 0.0612693732888156 -0.566595673711468 -0.327486842941087 0.517157962288889 0.502062404900507 -0.655483561189414 -0.256304503773813 -0.256304503773813 0.34916593356153 0.991354593322963 0.085992246546576 -0.589780068897499 -0.156507752474553 -0.260574206137364 0.337872764920893 0.57993900825514 -0.00678454682849691 -0.337872764920893 -0.184696778125894 -0.274483791182739 0.342072645237128 0.576173951231475 -0.435806748926571 0.701686594272736 0.404696108859732 -0.0683627876162142 0.0561473402666788 -0.075858407919324 1 0.793715807819023 0.520476835888697 -0.230314664930875 -0.704486923547165 -0.951511164439112 -0.545158641027157 -0.252748187421074 -0.181846522590298 -1 -0.950649230474452 0.246581368688985 0.740205740367178 0.0612693732888158 0.0612693732888166 -0.524340029870024 0.470404613558988 0.652643284577334 -0.952768528720323 -0.514654688078447 -0.32462064169033 -0.324620641690326 -0.278392388943149 -0.503368759708089 0.115813782315273 0.888551140398458 0.180925925824264 0.854135431748674 0.63119573369432 0.422401131724825 -0.722026562739727 0.314010273189441 0.123450175519909 -0.235101210445702 -0.157219901854705 0.0820616525336294 -0.503368833363629 0.0461225499731377 -0.596067200455989 0.506470616648867 0.0509697790368617
