gamma sackin colless colless_corr colless_quad beta blum crown_age tree_height pigot_rho number_of_lineages nltt_base phylogenetic_div avg_ladder max_ladder cherries double_cherries four_prong il_number pitchforks stairs laplace_spectrum_a laplace_spectrum_p laplace_spectrum_e laplace_spectrum_g min_laplace max_laplace min_adj max_adj imbalance_steps j_one b1 b2 area_per_pair average_leaf_depth i_stat ew_colless max_del_width max_depth avg_vert_depth max_width mw_over_md tot_path tot_internal_path rogers stairs2 tot_coph var_depth symmetry_nodes mpd psv vpd mntd j_stat rquartet wiener max_betweenness max_closeness max_closenessW diameter eigen_centrality eigen_centralityW mean_branch_length var_branch_length mean_branch_length_int mean_branch_length_ext var_branch_length_int var_branch_length_ext treeness root_imbalance
gamma 1 -0.523270166404796 -0.520562872195694 -0.536855902111038 -0.504253661670331 -0.151630090744149 -0.484758335021724 0.543026394176007 0.543026394176007 0.759207776665782 0.849403446587295 0.934396336430278 0.151924969431133 -0.501592920622075 -0.385945352742756 -0.448373480504012 0.144322063507106 -0.114424864630253 0.448373480504012 0.552657458841889 0.386212128762666 -0.00383192439106642 0.762166757224178 0.83110308835398 0.352763263837743 0.255734050473682 0.534402182796634 0.288007453925802 0.523405763912094 0.410301532603083 0.411298254148012 0.0546548807273708 0.486009356582186 0.548546658098922 -0.425190480775643 -0.17166964975438 0.180850055366414 0.394885596094397 -0.410301532603083 -0.43243978477771 0.388712284737455 0.343287155420818 -0.523270166404796 -0.523270166404796 0.205355141803497 -0.142342033236151 -0.50732801917268 -0.493797185962636 0.205355141803497 0.615620401563306 0.615620401563305 0.654056363664202 -0.463760272491801 0.206006669136862 -0.559276126001016 -0.215372759028193 -0.558651143519271 -0.570464882467965 -0.96782300056922 0.466351141527772 -0.442739386795843 0.195712132489224 -0.00597196678892869 0.375152342727194 0.452719372451301 -0.463760272894431 0.628970704497739 0.299512216407978 0.934559722114254 -0.279089062987757
sackin -0.523270166404796 1 0.999718515969528 0.848792128343539 0.998364625080288 -0.290027271168159 0.958386633012676 -0.106666885330082 -0.106666885330082 0.00383209795601412 0.972551788791142 -0.507050468542508 -0.277508200020712 -0.186013501829485 0.19949845029683 0.0165903243996503 0.439541880094446 0.451514028558573 -0.0165903243996499 -0.951085848120349 0.173365122350251 0.695869567156597 -0.611936586913158 -0.647636500042076 -0.126115685934231 0.382085785675452 0.0224575958790517 0.352375516528696 0.0433116443786516 -0.853171582163718 -0.781638081696533 -0.550655905187444 -0.959266346210105 -0.88198788668604 0.907583816723696 0.314961511168429 0.269976397967353 -0.943199274276371 0.853171582163719 0.913865881348952 -0.924011599505424 -0.820383024409554 1 1 0.37979751603486 -0.218040030139498 0.998676625358159 0.901869910315723 0.37979751603486 -0.762439712380275 -0.762439712380276 -0.472990569894822 0.458500541266542 0.270960790249013 0.994815157030655 -0.219166697504462 0.99008156147645 0.751051139845648 0.684309278320471 -0.506828027512077 0.664976741108269 -0.217066589375144 0.282968912189101 0.206847798485163 0.0494330106234406 0.458500543022636 -0.0830415564489126 0.2855533027872 -0.563849295180122 0.881567830087003
colless -0.520562872195694 0.999718515969528 1 0.849822521212653 0.998262272631946 -0.293759987958598 0.959177488923989 -0.122399656087168 -0.122399656087168 0.00555107522487015 0.954653728118032 -0.501516968471234 -0.299438105966709 -0.199662370818958 0.179076049460954 0.0151972996308478 0.443327269712299 0.442525451468866 -0.0151972996308473 -0.946196808397768 0.176337306503627 0.684993573801302 -0.612654079746172 -0.6551945246505 -0.119416535958038 0.368948463348505 0.00750852772520506 0.338648046081755 0.0283197889989841 -0.863820930649101 -0.791247809500167 -0.551112849367768 -0.953258058903763 -0.872661542764748 0.916627060815445 0.317610644496615 0.272305352876574 -0.943812583876709 0.863820930649101 0.922497399980263 -0.929489384719713 -0.828390260804623 0.999718515969528 0.999718515969528 0.383730080859358 -0.22482619429041 0.998422914714822 0.909663355333655 0.383730080859358 -0.774634461903375 -0.774634461903375 -0.486390126402789 0.437861202588245 0.253005959118838 0.992510435931486 -0.235867763237176 0.986692194279724 0.735749132744878 0.682584839940024 -0.49114707784698 0.660333482511442 -0.233238320382327 0.261935793635776 0.191492946258146 0.0330339136605266 0.437861204362934 -0.096463823402299 0.270098426732573 -0.554903551964936 0.876590028343255
colless_corr -0.536855902111038 0.848792128343539 0.849822521212653 1 0.8223965175258 -0.664811917556009 0.957619004586144 -0.228399343086225 -0.228399343086225 -0.100243330756597 -0.61053257258653 -0.566854664520358 -0.247435774722684 -0.0353058193254286 0.347635147136415 -0.352097121144981 0.0589429707942175 0.729279952457857 0.352097121144981 -0.699757457876021 0.498097105565591 0.392439292470904 -0.77390318003786 -0.739155805529755 -0.128108181781337 0.410694403074337 -0.175875232750354 0.261199291730256 -0.132605479444332 -0.865819282139614 -0.927658541440874 -0.838766528577888 -0.865813058123463 -0.607008841482402 0.867244393747107 0.754804896737743 0.639134654341492 -0.708058885387456 0.865819282139614 0.875099020697631 -0.931665835043311 -0.937767094827758 0.848792128343539 0.848792128343539 0.674164789222169 -0.620807901309568 0.824631234180341 0.910854121344664 0.674164789222169 -0.667002788861893 -0.667002788861893 -0.446544152819953 0.352557038524444 0.172421791146921 0.861029156180422 0.0716562530831146 0.854988898050224 0.606886754666008 0.666153782245245 -0.217346199966311 0.196672316692865 -0.230544630008023 0.152715977038044 0.0958097904166267 -0.0728452758711271 0.352557039643977 -0.19639121733378 0.182221886717707 -0.614619952002845 0.579195499327061
colless_quad -0.504253661670331 0.998364625080288 0.998262272631946 0.8223965175258 1 -0.255933732655328 0.943956399581419 -0.104854463640041 -0.104854463640041 0.0105023454438323 0.922531700029117 -0.492274226055553 -0.291329403333679 -0.19743261283118 0.175104861860663 0.0361062796448501 0.488357326308181 0.411907860698474 -0.0361062796448497 -0.959723272430574 0.153621652591575 0.707040908775622 -0.5709999635252 -0.633604753234406 -0.0923787017102652 0.367335282071265 0.0328920974785435 0.344606722207869 0.050934688012745 -0.84194293536654 -0.760107172865738 -0.522902618241005 -0.95091505007949 -0.8906293372913 0.902776052762283 0.276527656893755 0.242687638769351 -0.958797121088074 0.84194293536654 0.90852005362726 -0.91476681448931 -0.801264444994219 0.998364625080288 0.998364625080287 0.35941807051562 -0.190145916283401 0.999965497264572 0.887948238235579 0.35941807051562 -0.76754967666554 -0.767549676665541 -0.479747558544966 0.445031529333018 0.263037381325899 0.989579612389733 -0.262097311110421 0.984745138313442 0.740074455451455 0.671405130355817 -0.52562612070438 0.69253389672663 -0.20041626794015 0.275401519683636 0.203132515959061 0.0492505908228071 0.44503153114251 -0.0791041064847987 0.279381169566259 -0.543258999485886 0.901823842028568
beta -0.151630090744149 -0.290027271168159 -0.293759987958598 -0.664811917556009 -0.255933732655328 1 -0.537850351500463 -0.0716677819620355 -0.0716677819620355 -0.347714026797078 -0.204698439833699 -0.0726645548708339 0.0805299681587506 0.265616564328436 -0.169111519767954 0.879803659101606 0.220576783546167 -0.818229314808204 -0.879803659101606 0.0457600338327982 -0.940355756327499 -0.106257185593501 0.371322456842831 0.179624035408246 -0.0306028615650046 -0.567082502772931 -0.0404532769184511 -0.369011254490205 -0.0917747987007131 0.52185723730661 0.682020389987651 0.934644542670156 0.375757551284744 -0.0509814869768318 -0.459783929863061 -0.908546970671866 -0.970931130043318 0.154765454384655 -0.52185723730661 -0.463605027310353 0.575870294808331 0.709997056478578 -0.290027271168159 -0.290027271168159 -0.954778304336976 0.957222959116259 -0.25775032200394 -0.506197259650389 -0.954778304336976 0.101769931655639 0.101769931655638 -0.0761626207014803 0.0606397721695093 -0.227806884825524 -0.294632688521496 -0.194711764421945 -0.287847299043241 -0.062750580199414 0.0555993198938927 -0.378464322382286 0.494719034719536 0.1494292181062 -0.0440197048605631 -0.259743491117019 -0.14871190577412 0.0606397719927305 -0.158533234340594 -0.29464877534168 -0.0238593152268321 -0.0609054429954566
blum -0.484758335021724 0.958386633012676 0.959177488923989 0.957619004586144 0.943956399581419 -0.537850351500463 1 -0.125285914261101 -0.125285914261101 0.032698256248908 0.997210374254296 -0.487131156981753 -0.270626517267138 -0.185022115295682 0.252431175346757 -0.216478035729476 0.266278669804928 0.637698809675142 0.216478035729476 -0.842415445377753 0.397015234417458 0.594924010317008 -0.700223380801417 -0.673229783017301 -0.134968881777901 0.459467879678282 -0.0303688536350087 0.369357549317842 0.0041707420553859 -0.904277976922039 -0.897205085547902 -0.748673866294745 -0.947358310107779 -0.754402828689808 0.929062676918311 0.563225470794738 0.507482324682375 -0.853754014061987 0.90427797692204 0.936082515581521 -0.974282838253887 -0.929484886623723 0.958386633012676 0.958386633012677 0.588635939687406 -0.466375881316175 0.945109215690881 0.947300663150969 0.588635939687406 -0.718466749476213 -0.718466749476213 -0.431345922212844 0.398623562334333 0.266380752091498 0.959361429657099 -0.092936242043243 0.953007947765998 0.687287282619697 0.64134172469943 -0.334701422526373 0.427515168176383 -0.252305336192792 0.239935417758526 0.206727728837913 0.0351321655452102 0.398623563856455 -0.0877013945952877 0.289852433131186 -0.548772435489364 0.760013453934541
crown_age 0.543026394176007 -0.106666885330082 -0.122399656087168 -0.228399343086225 -0.104854463640041 -0.0716677819620355 -0.125285914261101 1 1 0.687882454010923 0.50615710437618 0.51481177427746 0.7867201344084 -0.172336680926186 0.331315855480476 -0.184911306901017 -0.0358098013847857 0.360303316258599 0.184911306901016 0.0309766876504552 0.172568111669541 0.609331178239655 0.308120936774919 0.779303837664026 -0.268309298413237 0.78140694720527 0.979082581180042 0.87366409406719 0.981642241914087 0.383564900937907 0.398933641914146 -0.0364852297455414 -0.0824806349639741 -0.102158613870213 -0.362045213345494 -0.213231587374163 0.0573872366625255 0.1309087103258 -0.383564900937907 -0.352349580142496 0.235428223744984 0.284788029102171 -0.106666885330082 -0.106666885330082 0.0602615713526836 0.132875712081703 -0.101775157631731 -0.341561247287056 0.0602615713526836 0.697430026992579 0.697430026992578 0.911193983489861 0.46852642416981 0.904140551674758 -0.0653106168539918 0.375376911720244 -0.0348368845765159 0.297653229263471 -0.54726627173416 -0.173039534379495 0.0347671327448192 0.378463142207259 0.823917002832608 0.944621744558642 0.986096662268518 0.468526423715109 0.98831329874538 0.912119650843093 0.338135667496579 0.129616435494932
tree_height 0.543026394176007 -0.106666885330082 -0.122399656087168 -0.228399343086225 -0.104854463640041 -0.0716677819620355 -0.125285914261101 1 1 0.687882454010923 0.50615710437618 0.51481177427746 0.7867201344084 -0.172336680926186 0.331315855480476 -0.184911306901017 -0.0358098013847857 0.360303316258599 0.184911306901016 0.0309766876504552 0.172568111669541 0.609331178239655 0.308120936774919 0.779303837664026 -0.268309298413237 0.78140694720527 0.979082581180042 0.87366409406719 0.981642241914087 0.383564900937907 0.398933641914146 -0.0364852297455414 -0.0824806349639741 -0.102158613870213 -0.362045213345494 -0.213231587374163 0.0573872366625255 0.1309087103258 -0.383564900937907 -0.352349580142496 0.235428223744984 0.284788029102171 -0.106666885330082 -0.106666885330082 0.0602615713526836 0.132875712081703 -0.101775157631731 -0.341561247287056 0.0602615713526836 0.697430026992579 0.697430026992578 0.911193983489861 0.46852642416981 0.904140551674758 -0.0653106168539918 0.375376911720244 -0.0348368845765159 0.297653229263471 -0.54726627173416 -0.173039534379495 0.0347671327448192 0.378463142207259 0.823917002832608 0.944621744558642 0.986096662268518 0.468526423715109 0.98831329874538 0.912119650843093 0.338135667496579 0.129616435494932
pigot_rho 0.759207776665782 0.00383209795601412 0.00555107522487015 -0.100243330756597 0.0105023454438323 -0.347714026797078 0.032698256248908 0.687882454010923 0.687882454010923 1 -0.151758217201177 0.833799278654786 0.128618869315322 -0.812029661788197 -0.332789226856188 -0.351293216307431 0.141311503326323 0.236998164349663 0.351293216307431 0.102432986449899 0.428067293368642 0.475502563648811 0.264086975579106 0.628693283518451 -0.113317189412082 0.600927808072396 0.705722546816454 0.683267315733169 0.713825066479693 -0.0671730618343586 -0.00637949149675443 -0.201601541869164 -0.0267752908345453 0.11787599559098 0.0342478140816703 -0.0743452698771719 0.266521528217678 0.0122608151190545 0.0671730618343586 0.0318970427160983 -0.0696174842501851 -0.100297609910214 0.00383209795601416 0.00383209795601412 0.347265072424504 -0.184048058026163 0.00877277691695532 0.0155145875345564 0.347265072424504 0.327511680948729 0.327511680948728 0.614039354441496 -0.137894619966244 0.535764610942856 -0.021667284079231 -0.178357510779962 -0.0255465859342802 -0.104357303636097 -0.699274180690152 0.350723920804967 -0.0794550698117168 -0.186475072217111 0.297870023557033 0.685082231422967 0.66940642331373 -0.137894619583934 0.772169357407865 0.651491820371605 0.7234018607989 0.0954174245457987
number_of_lineages 0.849403446587295 0.972551788791142 0.954653728118032 -0.61053257258653 0.922531700029117 -0.204698439833699 0.997210374254296 0.50615710437618 0.50615710437618 -0.151758217201177 1 0.68492409483862 0.978136179699382 0.352975146300738 0.95996615630996 0.997536349441525 0.846876022899379 0.963873340084043 0.995718684861468 0.990509583862642 -0.0961517170176958 0.0834951843366567 0.439252220196023 0.90726279730368 -0.255138562071249 -0.391130054755125 0.359150220119407 -0.384559785624596 0.402512846254518 0.998162337084273 -0.875801725572867 0.999100703261056 -0.168910825874515 0.975253932136564 0.975620648379171 0.261963798018405 -0.165626025976777 0.616260572757619 0.967544784815635 0.973994773152969 0.892316888444579 0.0585385186558551 0.969870925450078 0.966784510847662 0.999532382095094 -0.220453018202312 0.928285532257387 0.946192998506521 0.999532382095094 0.197737906267987 0.197737906267983 0.221658016013112 -0.363338425538035 -0.646945248973158 0.951657600813058 0.990450356612511 0.977996233780636 -0.758995667822449 -0.699561635838826 0.987747060370129 -0.914556558002799 -0.0756988015208707 -0.422221757115482 -0.13592219407446 -0.390583226387631 -0.363338427860669 -0.0594251544214464 -0.14963406060595 -0.0252514717057724 0.185329192674732
nltt_base 0.934396336430278 -0.507050468542508 -0.501516968471234 -0.566854664520358 -0.492274226055553 -0.0726645548708339 -0.487131156981753 0.51481177427746 0.51481177427746 0.833799278654786 0.68492409483862 1 0.0733025357316995 -0.679457572617671 -0.559810596925857 -0.244370683283893 0.0237791097068507 -0.188834404230991 0.244370683283893 0.57388321961839 0.221275105943874 -0.00908123750568644 0.606308760313052 0.820097348488801 0.0794960788093783 0.172066679097231 0.488113665516144 0.269358002934634 0.477246795367203 0.334490640673498 0.380048814616517 0.184433353020451 0.521314949263761 0.579031414330755 -0.385002617933494 -0.299268491688719 0.0208325626967913 0.448743131971182 -0.334490640673498 -0.393939179824836 0.399520732328889 0.328901554769417 -0.507050468542508 -0.507050468542508 0.0570219634642071 -0.00771902152963342 -0.495577876126807 -0.424887541899684 0.0570219634642071 0.559862120500192 0.559862120500191 0.635035130466255 -0.502796231580113 0.164247164914729 -0.545971412432088 -0.237173438165544 -0.554005045398551 -0.583820015894033 -0.949373979375391 0.597013465817964 -0.359817729061569 -0.11557501882069 -0.0517676719195778 0.343275697258437 0.411648297799302 -0.502796231916962 0.589400525898149 0.270169155493841 0.972976437696282 -0.355201281929069
phylogenetic_div 0.151924969431133 -0.277508200020712 -0.299438105966709 -0.247435774722684 -0.291329403333679 0.0805299681587506 -0.270626517267138 0.7867201344084 0.7867201344084 0.128618869315322 0.978136179699382 0.0733025357316995 1 0.436974432541548 0.722720515087651 -0.0551935787827797 -0.383040146706978 0.363844437315256 0.0551935787827794 0.133027358817029 -0.0431160492408508 0.292993528667029 0.146741790106162 0.582734851290052 -0.358658525006134 0.559572634757829 0.698143449172433 0.596532717425686 0.702490930565575 0.621897484976527 0.550232307902119 0.0792159195327557 0.022707709033591 -0.0579826216953794 -0.600859841326771 -0.126148295252305 -0.0603654220390224 0.348901824918485 -0.621897484976527 -0.585777999668438 0.45112157706737 0.486597420010616 -0.277508200020713 -0.277508200020712 -0.155573864997911 0.233934446715829 -0.284966284314324 -0.528368767231495 -0.155573864997911 0.781105482927022 0.781105482927022 0.810039488524583 0.679205684385205 0.754674771375578 -0.192785869372604 0.79168468352621 -0.149987932141731 0.385714540056278 -0.245115106265065 -0.336074598296712 -0.0925970153416728 0.593116054104956 0.821572170872722 0.692490605855312 0.767026641790854 0.679205683085415 0.700000652951244 0.672666650632649 -0.0842306040893129 -0.101965798684889
avg_ladder -0.501592920622075 -0.186013501829485 -0.199662370818958 -0.0353058193254286 -0.19743261283118 0.265616564328436 -0.185022115295682 -0.172336680926186 -0.172336680926186 -0.812029661788197 0.352975146300738 -0.679457572617671 0.436974432541548 1 0.730639665243758 0.123089217442645 -0.272657428151143 0.0296107303204073 -0.123089217442645 0.0115174420467427 -0.264895854714702 -0.285738079970165 -0.051224228124502 -0.215719658022772 0.0765939479310574 -0.184171776951451 -0.228727119107591 -0.27788249315811 -0.232501365938436 0.425691520353936 0.304534202624418 0.128479896783809 0.0463011038841914 -0.10027217043447 -0.372992324619627 0.0916888384006383 -0.142563334705415 0.171734672993473 -0.425691520353936 -0.362797275003727 0.297443857518008 0.344369347070158 -0.186013501829485 -0.186013501829485 -0.270347754353047 0.170060464579886 -0.192648067712255 -0.335011787225146 -0.270347754353047 0.170680719903687 0.170680719903687 -0.0852391591960967 0.44822405225803 -0.0638546148696731 -0.120613787391155 0.571673290588424 -0.0915317095417175 0.251775667298527 0.426681756804444 -0.494921828181754 -0.0757654518119164 0.62564173369839 0.165186000077558 -0.222158453805977 -0.163855288872844 0.448224051178881 -0.278014603008166 -0.207267587595544 -0.647703705780529 -0.129942959828354
max_ladder -0.385945352742756 0.19949845029683 0.179076049460954 0.347635147136415 0.175104861860663 -0.169111519767954 0.252431175346757 0.331315855480476 0.331315855480476 -0.332789226856188 0.95996615630996 -0.559810596925857 0.722720515087651 0.730639665243758 1 -0.186425240013722 -0.266927199396779 0.626866660618703 0.186425240013722 -0.309204858094524 0.132547024809299 0.30319493553533 -0.281087215442578 -0.0971624700469597 -0.194703385830909 0.517893105109177 0.289431060770306 0.41635449972499 0.31132641790203 0.149490458172408 0.0188937616636924 -0.343302127143218 -0.441803743669859 -0.436804897956176 -0.0978435577916508 0.349209154158612 0.243768137910021 -0.111402746276453 -0.149490458172408 -0.0792166228520506 -0.0745723091795545 -0.0173784585276151 0.19949845029683 0.19949845029683 0.149335351353499 -0.100130653888882 0.182355869665443 -0.0236206980042297 0.149335351353499 0.231064339978694 0.231064339978694 0.252166310487599 0.840792426973265 0.571361218696873 0.288252769463763 0.775900984111339 0.327738974473936 0.697359705940043 0.376962007093229 -0.609358086821525 0.0346065677249304 0.615793288155592 0.707888280269291 0.420367688490497 0.408057235205623 0.840792426300737 0.248424648809188 0.458396272396669 -0.666822244889654 0.233119471236475
cherries -0.448373480504012 0.0165903243996503 0.0151972996308478 -0.352097121144981 0.0361062796448501 0.879803659101606 -0.216478035729476 -0.184911306901017 -0.184911306901017 -0.351293216307431 0.997536349441525 -0.244370683283893 -0.0551935787827797 0.123089217442645 -0.186425240013722 1 0.0904135123504698 -0.642802823628396 -1 -0.181416921688616 -0.974672850117991 0.016982142746952 -0.0774006994933139 -0.101345933009624 -0.382684931580129 -0.522482813896733 -0.158730940267593 -0.307771166188542 -0.195219101575306 0.165710436557649 0.347735295563732 0.79880368398342 0.109867155455291 -0.245120153777423 -0.138338721390122 -0.788576211181554 -0.942385009490261 -0.0248481050430059 -0.165710436557649 -0.140436694185413 0.283124416088418 0.39254943538712 0.0165903243996503 0.0165903243996503 -0.908950298314312 0.911102420277082 0.0351849350248854 -0.134502407736705 -0.908950298314312 -0.179105233847468 -0.179105233847468 -0.253229860671435 0.182294992836702 -0.207501113487892 0.0181272715771396 -0.151639471056126 0.0155180718441222 0.162071459837482 0.339554292516229 -0.351966065979477 0.661195952729148 -0.233214163432884 -0.0181634500486989 -0.266778683089688 -0.220878975450528 0.182294993055553 -0.281603272798796 -0.267531613207009 -0.24293325940689 0.0549404679628207
double_cherries 0.144322063507106 0.439541880094446 0.443327269712299 0.0589429707942175 0.488357326308181 0.220576783546167 0.266278669804928 -0.0358098013847857 -0.0358098013847857 0.141311503326323 0.846876022899379 0.0237791097068507 -0.383040146706978 -0.272657428151143 -0.266927199396779 0.0904135123504698 1 -0.307828950614865 -0.0904135123504691 -0.547239681545858 -0.014878532343032 0.466733729121762 0.402302263130342 -0.094396647871358 0.62714238817345 0.0157330559248767 0.163006204447223 0.0551912255837944 0.134697232741933 -0.265795754400389 -0.110455738416961 0.00614428012791266 -0.333034148251064 -0.49353674090489 0.392717021880219 -0.278444534291058 -0.0945835838487622 -0.702916895880301 0.265795754400389 0.386874825015168 -0.358128235209288 -0.173087013902336 0.439541880094446 0.439541880094446 0.0609010862159645 0.126887687989023 0.482862206345713 0.235339950401915 0.0609010862159645 -0.43456191591068 -0.434561915910683 -0.326945043800284 -0.0735239950802993 -0.00744169880893139 0.375486721866772 -0.79261191399184 0.371279163577192 0.115814855847503 0.0608998590714727 -0.46760116619884 0.600523162456573 0.235049397741555 -0.0337341175779359 0.0417446236851431 0.01447695629368 -0.0735239934157774 0.0339469916291869 0.0399365872008061 0.106067158187485 0.730317096722373
four_prong -0.114424864630253 0.451514028558573 0.442525451468866 0.729279952457857 0.411907860698474 -0.818229314808204 0.637698809675142 0.360303316258599 0.360303316258599 0.236998164349663 0.963873340084043 -0.188834404230991 0.363844437315256 0.0296107303204073 0.626866660618703 -0.642802823628396 -0.307828950614865 1 0.642802823628396 -0.316511364937228 0.706793425917576 0.436376321030287 -0.541261719637799 -0.150481615352063 -0.299399652523877 0.817795819918499 0.32122897753914 0.670705812873043 0.37317299520672 -0.403192239401757 -0.5477833530857 -0.865003442833315 -0.635482312547786 -0.319979648724796 0.376521545861784 0.773656428385883 0.784255045248816 -0.255666095052692 0.403192239401757 0.390542875230866 -0.544276885835423 -0.602074427653639 0.451514028558573 0.451514028558573 0.746954462841677 -0.674607552779375 0.417416239560822 0.467579736792218 0.746954462841677 0.0197144998675664 0.0197144998675669 0.258691321501436 0.517157600743455 0.629310351548463 0.505457672718454 0.561695522111986 0.520548846401354 0.560693819241522 0.175012609274824 -0.0727524085091426 -0.187133063338303 0.065513320705451 0.553683988459961 0.576939204846536 0.469012713215147 0.517157600741805 0.374879749425495 0.629434431496393 -0.33330605958719 0.273278026943742
il_number 0.448373480504012 -0.0165903243996499 -0.0151972996308473 0.352097121144981 -0.0361062796448497 -0.879803659101606 0.216478035729476 0.184911306901016 0.184911306901016 0.351293216307431 0.995718684861468 0.244370683283893 0.0551935787827794 -0.123089217442645 0.186425240013722 -1 -0.0904135123504691 0.642802823628396 1 0.181416921688615 0.974672850117991 -0.0169821427469517 0.077400699493314 0.101345933009624 0.38268493158013 0.522482813896732 0.158730940267593 0.307771166188542 0.195219101575306 -0.16571043655765 -0.347735295563732 -0.79880368398342 -0.109867155455291 0.245120153777423 0.138338721390122 0.788576211181554 0.942385009490261 0.0248481050430052 0.16571043655765 0.140436694185413 -0.283124416088419 -0.39254943538712 -0.0165903243996499 -0.0165903243996499 0.908950298314312 -0.911102420277082 -0.035184935024885 0.134502407736706 0.908950298314312 0.179105233847467 0.179105233847468 0.253229860671434 -0.182294992836702 0.207501113487892 -0.0181272715771392 0.151639471056126 -0.0155180718441218 -0.162071459837482 -0.339554292516228 0.351966065979477 -0.661195952729148 0.233214163432885 0.0181634500486989 0.266778683089688 0.220878975450528 -0.182294993055553 0.281603272798796 0.267531613207009 0.242933259406889 -0.0549404679628201
pitchforks 0.552657458841889 -0.951085848120349 -0.946196808397768 -0.699757457876021 -0.959723272430574 0.0457600338327982 -0.842415445377753 0.0309766876504552 0.0309766876504552 0.102432986449899 0.990509583862642 0.57388321961839 0.133027358817029 0.0115174420467427 -0.309204858094524 -0.181416921688616 -0.547239681545858 -0.316511364937228 0.181416921688615 1 0.0211656746970915 -0.754739453397421 0.463539396313269 0.567031706006976 0.0706865588885093 -0.345278554472036 -0.114974834619655 -0.349679008208218 -0.1227715075551 0.664801130420171 0.566332729018592 0.363859412417736 0.931042183909771 0.978343982665639 -0.758005059329374 -0.10925282348006 -0.0675137088714137 0.951154822843626 -0.664801130420171 -0.765898831755028 0.779080965027459 0.614660174952324 -0.951085848120349 -0.951085848120349 -0.176094925289845 -0.0142782075604415 -0.960275713061673 -0.733816383877016 -0.176094925289845 0.677213046335427 0.677213046335429 0.427502816833814 -0.596513550429871 -0.32841782302101 -0.954091318430319 0.201102418220505 -0.959115818954692 -0.832506115901634 -0.707545031480586 0.74041907983608 -0.813413963208208 -0.00106212661634128 -0.401072935248912 -0.241449478926061 -0.116804692172703 -0.596513552100497 0.0346297619280742 -0.312012141652589 0.627418240396861 -0.949602545661522
stairs 0.386212128762666 0.173365122350251 0.176337306503627 0.498097105565591 0.153621652591575 -0.940355756327499 0.397015234417458 0.172568111669541 0.172568111669541 0.428067293368642 -0.0961517170176958 0.221275105943874 -0.0431160492408508 -0.264895854714702 0.132547024809299 -0.974672850117991 -0.014878532343032 0.706793425917576 0.974672850117991 0.0211656746970915 1 0.122235817532218 -0.0521464805191189 0.00263438331525504 0.309366838432455 0.587703606180511 0.169813077480029 0.385422843798226 0.210366511040187 -0.36142620795126 -0.51463620915982 -0.8842801355256 -0.272697145855704 0.107898976796586 0.332815048389046 0.817366550197502 0.975865243315698 -0.141888339154716 0.36142620795126 0.334874851384942 -0.465735922480602 -0.566092161673619 0.173365122350251 0.173365122350251 0.973267204552279 -0.94276867932061 0.154174919881973 0.329996721809621 0.973267204552279 0.0230473198004269 0.0230473198004269 0.173190189178469 -0.1477461789863 0.249719633211853 0.165147332428145 0.0646422505251823 0.163043298271632 -0.0565414357290418 -0.2515992880244 0.328691036828387 -0.529179196086654 0.0916398186887883 0.0431963820674858 0.312243278406194 0.232694763073864 -0.147746178805937 0.280085432496831 0.325942288540527 0.20335333379152 0.0929741040395976
laplace_spectrum_a -0.00383192439106642 0.695869567156597 0.684993573801302 0.392439292470904 0.707040908775622 -0.106257185593501 0.594924010317008 0.609331178239655 0.609331178239655 0.475502563648811 0.0834951843366567 -0.00908123750568644 0.292993528667029 -0.285738079970165 0.30319493553533 0.016982142746952 0.466733729121762 0.436376321030287 -0.0169821427469517 -0.754739453397421 0.122235817532218 1 -0.142239151672475 0.077824729410711 -0.213763558573326 0.760091669996581 0.72217708778547 0.838311106008914 0.72899912511484 -0.344653104701529 -0.234548324666972 -0.309125033323397 -0.767979285479411 -0.799789520671987 0.423321852774799 -0.0788191781576257 0.0967837850401476 -0.686889738839766 0.344653104701529 0.433269351475899 -0.501043488675145 -0.348277211788378 0.695869567156597 0.695869567156597 0.206501393467421 0.0764460029191342 0.708359379203574 0.406535041330304 0.206501393467421 -0.12988567612925 -0.129885676129251 0.232824222643309 0.659254638778604 0.804520730329504 0.710500465891076 -0.0436766649637077 0.727821030735298 0.771291909720246 0.135411394553068 -0.598624022491187 0.671258179979169 0.131786432421785 0.773788845396372 0.790661995144524 0.71195413298911 0.659254639992034 0.618088769304441 0.821553590433356 -0.15942102029812 0.838113910536611
laplace_spectrum_p 0.762166757224178 -0.611936586913158 -0.612654079746172 -0.77390318003786 -0.5709999635252 0.371322456842831 -0.700223380801417 0.308120936774919 0.308120936774919 0.264086975579106 0.439252220196023 0.606308760313052 0.146741790106162 -0.051224228124502 -0.281087215442578 -0.0774006994933139 0.402302263130342 -0.541261719637799 0.077400699493314 0.463539396313269 -0.0521464805191189 -0.142239151672475 1 0.710818455693201 0.63759339981641 -0.127894043534389 0.344325452261095 -0.0725225873529237 0.304511021441893 0.67839271566114 0.720704219860983 0.44474063394407 0.599961039270346 0.413611843320809 -0.616790387212029 -0.498531032389623 -0.234610105544413 0.338885225896607 -0.67839271566114 -0.624739297208288 0.613775274574779 0.675700467842059 -0.611936586913158 -0.611936586913158 -0.216391343248984 0.260967156267024 -0.57491551952082 -0.739174989483558 -0.216391343248984 0.54103460108333 0.541034601083329 0.399676681689441 -0.385155496443418 -0.0399045691281048 -0.648677981762171 -0.334176883281243 -0.638907279314304 -0.549632277814646 -0.734090763237176 0.0518001012650945 -0.184552885849084 0.552580263951145 -0.0986730423222464 0.0693807576095554 0.203710071591524 -0.38515549687983 0.346539854389233 -0.0134408594783322 0.69185531359284 -0.198323965884923
laplace_spectrum_e 0.83110308835398 -0.647636500042076 -0.6551945246505 -0.739155805529755 -0.633604753234406 0.179624035408246 -0.673229783017301 0.779303837664026 0.779303837664026 0.628693283518451 0.90726279730368 0.820097348488801 0.582734851290052 -0.215719658022772 -0.0971624700469597 -0.101345933009624 -0.094396647871358 -0.150481615352063 0.101345933009624 0.567031706006976 0.00263438331525504 0.077824729410711 0.710818455693201 1 -0.0166114689203655 0.289392789472209 0.723097285705933 0.406823478858882 0.704555583935292 0.733158235989725 0.752306392487306 0.365946793538344 0.53919502827694 0.454889035458023 -0.74136921491329 -0.464292325658449 -0.178186324602438 0.580404162720338 -0.733158235989726 -0.74199003564628 0.69160159341113 0.683784636221535 -0.647636500042076 -0.647636500042076 -0.199219488085787 0.273056455261018 -0.633588160997688 -0.758209219529768 -0.199219488085787 0.888122734675966 0.888122734675966 0.898969454604241 -0.0786691781695192 0.438132334305995 -0.6388263704683 0.157198444437665 -0.620711073063369 -0.328862594984833 -0.899134614233736 0.21976163195619 -0.282968160966866 0.328445994041361 0.336608519921987 0.545018201875576 0.668334998882498 -0.0786691791866213 0.782441780846923 0.465470625709785 0.74639284853603 -0.359850956098785
laplace_spectrum_g 0.352763263837743 -0.126115685934231 -0.119416535958038 -0.128108181781337 -0.0923787017102652 -0.0306028615650046 -0.134968881777901 -0.268309298413237 -0.268309298413237 -0.113317189412082 -0.255138562071249 0.0794960788093783 -0.358658525006134 0.0765939479310574 -0.194703385830909 -0.382684931580129 0.62714238817345 -0.299399652523877 0.38268493158013 0.0706865588885093 0.309366838432455 -0.213763558573326 0.63759339981641 -0.0166114689203655 1 -0.217342434371185 -0.16614521775539 -0.338591000181649 -0.186162572438242 0.0770824952270358 0.0522573993661088 -0.100497325311802 0.168479740325113 0.140066333168686 0.00702443279177373 0.0994837225385593 0.233673854158535 -0.166350632185902 -0.0770824952270362 -0.0016634792676319 -0.0198798172187148 0.0373223474346049 -0.126115685934231 -0.126115685934231 0.274041657437926 -0.27253255417493 -0.0972334692912525 -0.141990620397438 0.274041657437926 -0.116104585402495 -0.116104585402497 -0.263754437680971 -0.469495327591067 -0.368931960528266 -0.184354359190654 -0.554421665008068 -0.187880191454441 -0.420119326081507 -0.196711071346595 -0.048857887138392 -0.172847367429043 0.496186193913657 -0.420967033410802 -0.307833477149695 -0.275862350533711 -0.469495327148677 -0.181844515001135 -0.336009349659264 0.258403132913522 0.1280441357968
min_laplace 0.255734050473682 0.382085785675452 0.368948463348505 0.410694403074337 0.367335282071265 -0.567082502772931 0.459467879678282 0.78140694720527 0.78140694720527 0.600927808072396 -0.391130054755125 0.172066679097231 0.559572634757829 -0.184171776951451 0.517893105109177 -0.522482813896733 0.0157330559248767 0.817795819918499 0.522482813896732 -0.345278554472036 0.587703606180511 0.760091669996581 -0.127894043534389 0.289392789472209 -0.217342434371185 1 0.793383310811929 0.961855679834084 0.82462180170875 -0.168909270129098 -0.217293575696869 -0.627788001398322 -0.57820622507681 -0.400524200315549 0.189300821551127 0.354548256865634 0.557729409464239 -0.291489080968754 0.168909270129098 0.202478987491691 -0.361029913792822 -0.332434249425824 0.382085785675452 0.382085785675452 0.576997425635008 -0.373335851117665 0.371320800942151 0.225767123169467 0.576997425635008 0.265211814142179 0.265211814142178 0.586419356320377 0.579833361400726 0.924196542773379 0.423816195002687 0.377728045400566 0.448106525168289 0.576034218635254 -0.16381620701814 -0.236331435878587 0.0449580961533736 0.265365855407248 0.813396523369065 0.926817771037664 0.862772543376287 0.57983336161821 0.805919266332756 0.946058111754029 -0.00637473512171888 0.446313142621767
max_laplace 0.534402182796634 0.0224575958790517 0.00750852772520506 -0.175875232750354 0.0328920974785435 -0.0404532769184511 -0.0303688536350087 0.979082581180042 0.979082581180042 0.705722546816454 0.359150220119407 0.488113665516144 0.698143449172433 -0.228727119107591 0.289431060770306 -0.158730940267593 0.163006204447223 0.32122897753914 0.158730940267593 -0.114974834619655 0.169813077480029 0.72217708778547 0.344325452261095 0.723097285705933 -0.16614521775539 0.793383310811929 1 0.892214282533063 0.998353960086453 0.291229965643521 0.338991814569223 -0.0567923065915284 -0.188122628420961 -0.234479504717709 -0.244762709028988 -0.250849343738359 0.0465966450303539 -0.041641101929024 -0.291229965643521 -0.235880103318705 0.125683572984738 0.21313000473642 0.0224575958790516 0.0224575958790517 0.0827255671572306 0.150145510243383 0.0349860819054936 -0.252296942172742 0.0827255671572306 0.575254289308814 0.575254289308812 0.820685411518907 0.476068446900319 0.907826413575687 0.0519210991472462 0.220381848890185 0.0811066603691864 0.354733375881591 -0.495276421927014 -0.281397299601016 0.178999215758017 0.40259206374012 0.825447659216959 0.953089530486456 0.981729714357023 0.476068446833448 0.980269411104511 0.924509234497175 0.324310815909136 0.301925376437418
min_adj 0.288007453925802 0.352375516528696 0.338648046081755 0.261199291730256 0.344606722207869 -0.369011254490205 0.369357549317842 0.87366409406719 0.87366409406719 0.683267315733169 -0.384559785624596 0.269358002934634 0.596532717425686 -0.27788249315811 0.41635449972499 -0.307771166188542 0.0551912255837944 0.670705812873043 0.307771166188542 -0.349679008208218 0.385422843798226 0.838311106008914 -0.0725225873529237 0.406823478858882 -0.338591000181649 0.961855679834084 0.892214282533063 1 0.913750008790638 -0.0933100344238499 -0.0827709740492962 -0.420955345919291 -0.523957599703475 -0.426389863135912 0.116105457786424 0.105291567715411 0.331294157793669 -0.265267080774757 0.0933100344238499 0.128383867954354 -0.256769475525015 -0.203134047421306 0.352375516528696 0.352375516528696 0.36994369755776 -0.137973976502301 0.348109229980953 0.150110425104074 0.36994369755776 0.312714159212252 0.312714159212251 0.655757390443998 0.607078311143684 0.970351852270696 0.3915178198578 0.321038867572284 0.41562346864278 0.588681122789559 -0.220638261573541 -0.2708975630251 0.197701152285112 0.194749027182518 0.871415610129245 0.983899860777733 0.936748035561417 0.607078311419027 0.884088670681795 0.993840378467666 0.071160018495048 0.456110312490596
max_adj 0.523405763912094 0.0433116443786516 0.0283197889989841 -0.132605479444332 0.050934688012745 -0.0917747987007131 0.0041707420553859 0.981642241914087 0.981642241914087 0.713825066479693 0.402512846254518 0.477246795367203 0.702490930565575 -0.232501365938436 0.31132641790203 -0.195219101575306 0.134697232741933 0.37317299520672 0.195219101575306 -0.1227715075551 0.210366511040187 0.72899912511484 0.304511021441893 0.704555583935292 -0.186162572438242 0.82462180170875 0.998353960086453 0.913750008790638 1 0.26097280929775 0.299273040457095 -0.105767547183385 -0.215253135059409 -0.239062514823301 -0.219125555876905 -0.200170953502841 0.0930697311082998 -0.0483143476598787 -0.26097280929775 -0.209729874575422 0.0936663714980799 0.173165841861687 0.0433116443786514 0.0433116443786515 0.126191943834294 0.104895930343699 0.0532865469894743 -0.220277581155791 0.126191943834294 0.568059096786582 0.56805909678658 0.823520853640786 0.488681974681911 0.924545436145271 0.074972711320718 0.248356714483611 0.104055634958817 0.372484225814295 -0.483000769224784 -0.266741604804091 0.157477536778325 0.387718512586618 0.83664497065124 0.967707346930001 0.989442703484742 0.488681974609967 0.984380841432384 0.942345571284236 0.307652716360587 0.3033212469706
imbalance_steps 0.410301532603083 -0.853171582163718 -0.863820930649101 -0.865819282139614 -0.84194293536654 0.52185723730661 -0.904277976922039 0.383564900937907 0.383564900937907 -0.0671730618343586 0.998162337084273 0.334490640673498 0.621897484976527 0.425691520353936 0.149490458172408 0.165710436557649 -0.265795754400389 -0.403192239401757 -0.16571043655765 0.664801130420171 -0.36142620795126 -0.344653104701529 0.67839271566114 0.733158235989725 0.0770824952270358 -0.168909270129098 0.291229965643521 -0.0933100344238499 0.26097280929775 1 0.96712465661373 0.644022789071832 0.736791315672737 0.511034246430779 -0.986755443036701 -0.518499324983453 -0.452250563963735 0.756651299218825 -1 -0.985868301956519 0.956016600359956 0.964462034377313 -0.853171582163719 -0.853171582163718 -0.552655798333081 0.495992420716235 -0.840457169657046 -0.990138388903105 -0.552655798333081 0.85690342204 0.85690342204 0.614255921931204 -0.00717430715427264 0.0726170558169379 -0.82042312464316 0.358944989610814 -0.794815939263939 -0.358163542285646 -0.553754104659375 0.00915286550916593 -0.322551901391018 0.566381560802634 0.146156243024584 0.0819543509870382 0.254434905580552 -0.00717430882588235 0.315484875547011 0.00848700776365211 0.339215657563438 -0.574292988816638
