gamma sackin colless colless_corr colless_quad beta blum crown_age tree_height pigot_rho number_of_lineages nltt_base phylogenetic_div avg_ladder max_ladder cherries double_cherries four_prong il_number pitchforks stairs laplace_spectrum_a laplace_spectrum_p laplace_spectrum_e laplace_spectrum_g min_laplace max_laplace min_adj max_adj imbalance_steps j_one b1 b2 area_per_pair average_leaf_depth i_stat ew_colless max_del_width max_depth avg_vert_depth max_width mw_over_md tot_path tot_internal_path rogers stairs2 tot_coph var_depth symmetry_nodes mpd psv vpd mntd j_stat rquartet wiener max_betweenness max_closeness max_closenessW diameter eigen_centrality eigen_centralityW mean_branch_length var_branch_length mean_branch_length_int mean_branch_length_ext var_branch_length_int var_branch_length_ext treeness root_imbalance
gamma 1 -0.748640049295048 -0.729643609854113 -0.193832681910414 -0.778706942494 -0.283192691122928 -0.0608019910744584 0.205747463134401 0.205747463134401 0.296092695090915 0.63985229417825 0.814969506486565 -0.0418382564435986 0.266905857455016 0.107280162692051 -0.202537232847023 0.047467876865779 -0.0707896873672875 0.202537232847023 -0.289340054051019 0.0994998505173269 0.709290358326228 0.750199607268198 0.447199193246344 0.546334848837401 0.040892957133955 0.167345342878692 -0.231760663483811 0.149484147986322 -0.253949237916047 -0.355435507804531 -0.170272847348209 0.351570039346454 0.471758730182386 0.430921624765995 0.237542350333012 0.0728510579932841 0.180020752467041 0.253949237916048 0.423597935748138 0.336674828166073 0.06042090483394 -0.748640049295048 -0.748640049295048 0.0266870944739952 -0.179993380829256 -0.77399966853606 0.221165846301335 -0.0467316201472602 -0.0550574794689296 -0.0550574794689295 0.100337419039962 -0.111635299211111 -0.198961113769189 -0.756080880530931 -0.58424768704469 -0.728963954245371 -0.294402051020215 -0.272790313641296 0.404140236588133 -0.789596030284959 -0.655132317184084 -0.10771559996769 -0.0269661785984451 -0.0842764547650229 -0.111635313486951 0.177583975159297 -0.0511339391616948 0.448580793643723 0.463817072374608
sackin -0.748640049295048 1 0.97789312795014 0.726726016789941 0.929208645228735 -0.150647261896927 0.258495493608798 -0.473389469005051 -0.473389469005051 0.0893610074454968 0.991945737747032 -0.888750191662389 -0.285249375168065 0.00584686199237594 -0.187691455039358 0.0347928604561763 -0.209581243907687 -0.0865392004638458 -0.0347928604561765 0.316722361500605 0.227748541435119 -0.320835111812732 -0.743356361539301 -0.764160170256866 -0.483041057665224 0.447275454338672 -0.429623902841364 0.0458707619634561 -0.41410446996957 0.359082337747968 0.247501849152814 0.020467892137132 -0.781678866879353 -0.721451493854419 -0.562663171092198 0.241016267360867 0.349146608358915 -0.627103940550262 -0.359082337747968 -0.536051453056925 -0.54387102519039 -0.285758941493316 1 1 0.215812148807153 -0.150439006489463 0.928144527901491 -0.268011246336943 0.29985994964334 -0.28145333029626 -0.28145333029626 -0.352959541924258 -0.18646796388212 -0.0508790188337584 0.872561480274521 0.481887076195903 0.900999711180143 0.809444582977303 0.65477382519227 -0.511468960963145 0.583382083487399 0.470852180371383 -0.218458075004114 -0.248268306854375 -0.315421568684221 -0.186467959168467 -0.433262602425139 -0.228609932085732 -0.518403145210944 -0.268725803395618
colless -0.729643609854113 0.97789312795014 1 0.767751074416948 0.836079311596379 -0.217603108570209 0.383251775297692 -0.481233807534233 -0.481233807534233 0.179429536875382 0.986314879194441 -0.876717722075833 -0.269538677132245 0.00519205248369353 -0.176314611307507 -0.00294190427864432 -0.387789785900073 0.0556601974216939 0.00294190427864402 0.235366279430284 0.278075679205076 -0.360724791987601 -0.833750043251759 -0.759535726151173 -0.311795389639776 0.429868413655138 -0.436772942976448 0.0520901958010039 -0.424307404065025 0.173461948478461 0.100179078401366 -0.0721149790741272 -0.688233164151505 -0.591411427759668 -0.393743730476583 0.311095831238727 0.386017059163663 -0.618215292631982 -0.173461948478461 -0.364523129720835 -0.695345977693545 -0.434406905923572 0.97789312795014 0.97789312795014 0.322587252087863 -0.223709336639312 0.833961215907628 -0.0632027546661663 0.395500103700012 -0.268086595801383 -0.268086595801383 -0.338636065241181 -0.170682336053179 -0.0556972048205657 0.75732385156308 0.415804635027449 0.792022626093032 0.761586652714033 0.632996925670306 -0.361220041891527 0.670134880791528 0.559491329569606 -0.211000224159672 -0.229221443517776 -0.333435306138664 -0.170682335463317 -0.434136303060727 -0.207729976410676 -0.589635126436839 -0.325826767579979
colless_corr -0.193832681910414 0.726726016789941 0.767751074416948 1 0.522605678199859 -0.748709871786155 0.648229084457189 -0.305411877617343 -0.305411877617343 0.555822464051045 -0.662334616232297 -0.471101000582794 -0.225930876857293 0.382581928882316 0.0646644038117874 -0.357423470848815 -0.436786651227621 -0.0916264413175658 0.357423470848815 -0.0598393162573551 0.647680964000033 0.209938098226249 -0.438679150122085 -0.561021893324007 -0.0699624383634858 0.465100113355077 -0.275337936381009 0.119676510173774 -0.27070435308524 -0.0468633362792683 -0.341881203306346 -0.429902855732874 -0.76678291790222 -0.327559422039081 -0.0941681208681567 0.782225787435354 0.731660232231684 -0.744077731933634 0.046863336279268 -0.0576800472630395 -0.745743896400197 -0.722020710239962 0.726726016789941 0.726726016789941 0.636553287027315 -0.662735022944002 0.523207801599518 0.0888391150501803 0.680800124534445 -0.239845083763116 -0.239845083763117 -0.176183757442585 -0.133433823460009 -0.0757101571743321 0.451805635212147 0.264567620722417 0.506445318839119 0.698307239767509 0.582156838439832 -0.0282039299721666 0.198834438816215 0.188182530561021 -0.206390570578779 -0.133857507283308 -0.433070519050441 -0.133433837467446 -0.257554399970542 -0.126099443529273 -0.672666858269702 -0.20900013188874
colless_quad -0.778706942494 0.929208645228735 0.836079311596379 0.522605678199859 1 0.0331039040913188 -0.00311313423291481 -0.386741826947277 -0.386741826947277 -0.140700341235397 0.938271659613382 -0.823604437071542 -0.239308061903009 -0.0610716470876922 -0.191324009002899 0.144329573920488 0.123359220195052 -0.315427892837958 -0.144329573920488 0.435399017941742 0.0603047458289991 -0.284063076439926 -0.551611100358877 -0.671896002230621 -0.748810652252451 0.358694946753437 -0.346881007806157 0.0559963059719538 -0.326923416945881 0.624359593916212 0.47803918780077 0.211556152416305 -0.819173776720378 -0.848711909408907 -0.773115276619292 0.0169003598489113 0.175118707511224 -0.536777533211046 -0.624359593916212 -0.755841774235176 -0.222682719772809 0.0113707812969208 0.929208645228735 0.929208645228735 -0.0255169802097904 0.048900427802756 0.999964149323021 -0.583974219462568 0.070053479997302 -0.231332937123413 -0.231332937123413 -0.310168334420902 -0.153454067969863 -0.00631910750178366 0.990311489499797 0.577636687917234 0.995378400332418 0.738251928152283 0.589084609533324 -0.710416505892737 0.441047873539673 0.33553982839019 -0.166149750022472 -0.216456257184285 -0.205519436000052 -0.153454054634966 -0.360691050575301 -0.200278570324669 -0.35323406763329 -0.175921154149181
beta -0.283192691122928 -0.150647261896927 -0.217603108570209 -0.748709871786155 0.0331039040913188 1 -0.722061075354735 -0.104467037096256 -0.104467037096256 -0.515939259353068 -0.173443879995226 -0.170163939335908 -0.0698170062719109 -0.466061060529678 -0.330738477079196 0.476882141982525 0.290020916148928 0.232613700718709 -0.476882141982525 0.497242631019273 -0.60899359807597 -0.621752402589947 -0.053910289783792 0.0910427350253545 -0.195189028676609 -0.164042314054182 -0.115218171350858 -0.228847847041925 -0.110210060480326 0.403307492203964 0.792931313626667 0.621747183031281 0.448850057613455 -0.207780573168827 -0.413247083100709 -0.8373851565746 -0.59909651137837 0.395788316975518 -0.403307492203964 -0.439669007101836 0.539705735103943 0.80811480903878 -0.150647261896927 -0.150647261896927 -0.652497286722638 0.756077663226153 0.0325470287649408 -0.314055477650861 -0.648117513531802 -0.0377023784006249 -0.0377023784006241 -0.217737822371419 -0.10482392744049 -0.0209266870592008 0.062346617236809 -0.107545914197329 0.0331533886184841 -0.15525491443352 -0.307712418701194 -0.447643729605524 0.154179836725548 0.109187499306805 -0.0167344408399253 -0.190188404682297 0.263323577097246 -0.104823909118569 -0.159277379788714 -0.184953446767216 0.602191254128183 0.0791678388309669
blum -0.0608019910744584 0.258495493608798 0.383251775297692 0.648229084457189 -0.00311313423291481 -0.722061075354735 1 0.356051001973765 0.356051001973765 0.410933733267914 0.998503740172641 -0.207318831136487 0.467421366006621 0.654027446398301 0.643171569630325 -0.742184636550161 -0.506224705434301 0.350048553723677 0.742184636550161 -0.611737401623929 0.73719102881724 -0.0419304601058872 -0.234552742891413 0.0948593610455103 0.197309331992406 0.150749760637062 0.379100017600567 0.633571969486444 0.376592104193179 -0.697833709179224 -0.685341411777655 -0.911751253896953 -0.155406716178502 0.425030717458365 0.472653729965322 0.848546487358415 0.714587640410403 -0.203429335019286 0.697833709179224 0.498280708419643 -0.771074757038958 -0.912096295466424 0.258495493608798 0.258495493608798 0.924071074423188 -0.862250522968997 -0.00541147394762822 0.619052935143292 0.920894945173829 0.452279495707558 0.452279495707558 0.495858538652764 0.527818528852845 0.500547725221849 -0.0592928402754229 0.413090575925917 -0.042326961261902 0.124949999356207 0.0268711952400583 0.673804669853993 0.315140030554775 0.382357216830289 0.458860370068092 0.534023830704229 0.208833089981624 0.52781850979671 0.40533970354314 0.541299324445304 -0.852336560610123 -0.680695022732967
crown_age 0.205747463134401 -0.473389469005051 -0.481233807534233 -0.305411877617343 -0.386741826947277 -0.104467037096256 0.356051001973765 1 1 -0.281400954013991 0.0961782428976009 0.363256432943239 0.958389914781028 0.593607983853688 0.908107493754675 -0.611680741481378 0.306880572728305 0.048523241016765 0.611680741481378 -0.54504738342657 0.246923574820214 -0.000580922018616562 0.571211784061559 0.889565461595194 -0.162803761687102 -0.240727203348905 0.998094118895955 0.806822686612391 0.997237630475594 -0.421485085641992 -0.261005309129964 -0.601546279099281 0.341436909890646 0.656758962377203 0.346639488972881 0.185836908620943 0.125633742734879 0.422972263074325 0.421485085641992 0.33420226029943 0.24548215622119 -0.0789346638948542 -0.473389469005051 -0.473389469005051 0.347784331485238 -0.336045220726895 -0.387118783528824 0.158706092431583 0.321946269957335 0.955748854155301 0.955748854155301 0.976730130044738 0.933292002299324 0.874244874285343 -0.30467152469968 0.515289520768853 -0.367801441439463 -0.520337301141941 -0.650365985897542 0.615865563415038 -0.176139636366527 0.0451443730308516 0.938416567332887 0.95083599841765 0.898199288485345 0.933292002152689 0.994290242655706 0.942946575627459 -0.220834338449687 -0.537189971508424
tree_height 0.205747463134401 -0.473389469005051 -0.481233807534233 -0.305411877617343 -0.386741826947277 -0.104467037096256 0.356051001973765 1 1 -0.281400954013991 0.0961782428976009 0.363256432943239 0.958389914781028 0.593607983853688 0.908107493754675 -0.611680741481378 0.306880572728305 0.048523241016765 0.611680741481378 -0.54504738342657 0.246923574820214 -0.000580922018616562 0.571211784061559 0.889565461595194 -0.162803761687102 -0.240727203348905 0.998094118895955 0.806822686612391 0.997237630475594 -0.421485085641992 -0.261005309129964 -0.601546279099281 0.341436909890646 0.656758962377203 0.346639488972881 0.185836908620943 0.125633742734879 0.422972263074325 0.421485085641992 0.33420226029943 0.24548215622119 -0.0789346638948542 -0.473389469005051 -0.473389469005051 0.347784331485238 -0.336045220726895 -0.387118783528824 0.158706092431583 0.321946269957335 0.955748854155301 0.955748854155301 0.976730130044738 0.933292002299324 0.874244874285343 -0.30467152469968 0.515289520768853 -0.367801441439463 -0.520337301141941 -0.650365985897542 0.615865563415038 -0.176139636366527 0.0451443730308516 0.938416567332887 0.95083599841765 0.898199288485345 0.933292002152689 0.994290242655706 0.942946575627459 -0.220834338449687 -0.537189971508424
pigot_rho 0.296092695090915 0.0893610074454968 0.179429536875382 0.555822464051045 -0.140700341235397 -0.515939259353068 0.410933733267914 -0.281400954013991 -0.281400954013991 1 0.0849775266063756 -0.0194061133388921 -0.327695348387501 0.358022810293775 -0.00491475284121027 -0.458090988193984 -0.625431447530394 0.350053158916743 0.458090988193984 0.0128035451404232 0.752092189756735 0.270361216220303 -0.122266646817734 -0.148559532821414 0.518080114316821 -0.0795095734349159 -0.301195243747795 -0.0255262948478505 -0.307524383187424 -0.276935334690082 -0.437626341977018 -0.41785941787548 -0.151754215303656 0.118102064674395 0.276614205922247 0.653281886804752 0.734006435063427 -0.537572633133849 0.276935334690082 0.297371312581484 -0.598467476959845 -0.577826526437423 0.0893610074454968 0.0893610074454968 0.621122070199046 -0.681322744293028 -0.139224242030214 0.382448342371438 0.600267743574147 -0.323269265553139 -0.323269265553139 -0.285400989210801 -0.262940030057322 -0.239390747545081 -0.216565070041315 -0.371183837116023 -0.152633923373419 0.167404278255093 -0.0520586186554366 0.26890201774156 -0.286781131716209 -0.212416736932251 -0.303667768027782 -0.30487948515371 -0.42510529798144 -0.26294006170257 -0.310044129963801 -0.309584601235941 -0.315930673414397 -0.0958855100470261
number_of_lineages 0.63985229417825 0.991945737747032 0.986314879194441 -0.662334616232297 0.938271659613382 -0.173443879995226 0.998503740172641 0.0961782428976009 0.0961782428976009 0.0849775266063756 1 0.780304532334797 0.364787993850847 -0.174831358373415 0.272315972293464 0.995259152093434 0.756825252719857 0.929406174362418 0.993227448681887 0.990928331331017 0.0541425609277052 0.570119856695693 0.429932568577211 0.725707714291909 0.185336742883735 -0.310209447950042 0.0921421330678892 -0.349912955974272 0.105684722883471 0.995558928199306 -0.82480814909559 0.997583346176813 -0.206968923651237 0.922096763327777 0.962441098673394 0.0953060984955667 -0.142550862189667 0.498525765340273 0.827619054195408 0.962785653145684 0.922699207190862 0.15278534501492 0.990813077883125 0.989425000644828 0.998727995241227 -0.142202118695288 0.942630873323118 0.670950885201562 0.998760660826801 -0.0454094547811858 -0.0454094547811856 -0.0454197870418988 -0.145364405811596 -0.385320829584619 0.906095529612065 0.943520788401941 0.962441579828866 -0.66934497147164 -0.578596816224094 0.860301900735233 -0.83922717298328 -0.16277570967104 -0.173923278063555 -0.0784531682308012 -0.233950137303726 -0.145364433098156 -0.0730690142603775 -0.075791569150359 -0.0521534230376024 0.72855755252925
nltt_base 0.814969506486565 -0.888750191662389 -0.876717722075833 -0.471101000582794 -0.823604437071542 -0.170163939335908 -0.207318831136487 0.363256432943239 0.363256432943239 -0.0194061133388921 0.780304532334797 1 0.144988632089302 -0.0541202256283296 0.0922583009881126 0.0542346956002696 0.18530610017557 -0.267340199381652 -0.0542346956002692 -0.275700997545579 -0.196757387795959 0.672113315576258 0.746126275971783 0.599383117453308 0.436309736886693 -0.326428464665448 0.329141405686766 -0.162731766077983 0.313509577243548 -0.295846823281569 -0.444638046794051 0.0190873536780917 0.490977350670179 0.594982354947539 0.582362423754332 -0.112772729884974 -0.319346171934853 0.357496059182341 0.295846823281569 0.563843750052301 0.474556316268558 0.132207108130221 -0.888750191662389 -0.888750191662389 -0.197731736672678 0.0909019282374984 -0.822220336884658 0.181798462169425 -0.271340157752991 0.126054108192314 0.126054108192315 0.280227386882796 0.0474596609789263 -0.123201781587728 -0.76537287573568 -0.486402804126773 -0.788435579525998 -0.695277066629328 -0.41559066731355 0.447485316812009 -0.671091535237662 -0.518036888719247 0.050926693092527 0.160779376578089 0.0705575675744752 0.0474596566061079 0.348851300527946 0.138760792354944 0.462546168077455 0.475368067406283
phylogenetic_div -0.0418382564435986 -0.285249375168065 -0.269538677132245 -0.225930876857293 -0.239308061903009 -0.0698170062719109 0.467421366006621 0.958389914781028 0.958389914781028 -0.327695348387501 0.364787993850847 0.144988632089302 1 0.544363099070077 0.90661344055439 -0.594182757618707 0.185663936235324 0.166139399402831 0.594182757618708 -0.539626981223917 0.24819237990499 -0.226154612976544 0.318890608191856 0.780533998078527 -0.204850614763321 -0.217180287082814 0.968705458001772 0.881704814495664 0.970436088588375 -0.481294301220894 -0.251771755971704 -0.631966253336079 0.312360813469216 0.61876231799336 0.334159588688693 0.17905798585211 0.132546350490356 0.394983857001307 0.481294301220894 0.32558495091395 0.0648921029193613 -0.18624655880136 -0.285249375168065 -0.285249375168065 0.415703058716577 -0.337374594167164 -0.241505880008893 0.237978659559327 0.402238517088561 0.998946633718732 0.998946633718732 0.97912109302159 0.9919657390887 0.946162982548722 -0.177625781387875 0.647217411402556 -0.243126037404152 -0.450971523465644 -0.582333584457624 0.611654921481091 0.104503388803922 0.292912703659252 0.991736976974876 0.990741193333036 0.931212998721019 0.991965740651702 0.966749600658388 0.990650833787422 -0.3823650518018 -0.706768589961886
avg_ladder 0.266905857455016 0.00584686199237594 0.00519205248369353 0.382581928882316 -0.0610716470876922 -0.466061060529678 0.654027446398301 0.593607983853688 0.593607983853688 0.358022810293775 -0.174831358373415 -0.0541202256283296 0.544363099070077 1 0.835386335226816 -0.959172292576404 -0.00252389204892908 0.185753902520162 0.959172292576404 -0.430411115056044 0.825364753749205 0.128924685163313 0.366011590455652 0.432388355965035 -0.110561876052603 0.211548365203017 0.593734740968757 0.716851823974927 0.594625078639565 -0.268277535168456 -0.228694133990393 -0.859681103877449 -0.171820871251767 0.286369770513256 0.0625834149895043 0.796546838456296 0.829605032471899 -0.149428282256862 0.268277535168456 0.0755840426011995 -0.18622951303503 -0.386701080896054 0.00584686199237588 0.00584686199237594 0.776327489745273 -0.842852362142663 -0.0575686886182313 0.129776659824945 0.775014170129666 0.547501970021636 0.547501970021636 0.580164988517094 0.596328762891064 0.662002772446304 -0.0433293203817448 0.457692747611181 -0.0313997714083582 0.179359412136936 -0.278125365414163 0.434434529911028 -0.282543727032134 -0.0959841071247531 0.575766644562423 0.564449621890644 0.462992098911478 0.596328745849645 0.578612945533741 0.55708657647335 -0.476699026025278 -0.583446151469443
max_ladder 0.107280162692051 -0.187691455039358 -0.176314611307507 0.0646644038117874 -0.191324009002899 -0.330738477079196 0.643171569630325 0.908107493754675 0.908107493754675 -0.00491475284121027 0.272315972293464 0.0922583009881126 0.90661344055439 0.835386335226816 1 -0.862671508093588 0.133126498596032 0.168503671857766 0.862671508093588 -0.606408762143737 0.58290135099123 -0.0367257386938772 0.396178251010684 0.705566027512899 -0.177555913562661 -0.103112080327446 0.912693463705609 0.932070480528216 0.9143375399047 -0.456308048461806 -0.330834508094897 -0.845938127209125 0.0924027628041887 0.556449816567201 0.280213783742515 0.530413925660471 0.503925515341385 0.191295566876611 0.456308048461806 0.281559724206008 -0.0719471178982602 -0.352886459061616 -0.187691455039358 -0.187691455039358 0.65982227029206 -0.662120013509478 -0.191149969680316 0.221223885480155 0.65004507761867 0.905222381954929 0.905222381954928 0.921850267022838 0.92867261932292 0.916806151939992 -0.141438963909369 0.635396691009416 -0.179172689941135 -0.240592433036483 -0.492689003144273 0.631696660000855 -0.093282716805143 0.0947151497142088 0.911296168385219 0.918780147878669 0.795064984802153 0.928672610887477 0.908807120335867 0.914490308659473 -0.528773553856687 -0.735386164026926
cherries -0.202537232847023 0.0347928604561763 -0.00294190427864432 -0.357423470848815 0.144329573920488 0.476882141982525 -0.742184636550161 -0.611680741481378 -0.611680741481378 -0.458090988193984 0.995259152093434 0.0542346956002696 -0.594182757618707 -0.959172292576404 -0.862671508093588 1 0.136166231693812 -0.350301676144666 -1 0.501359477962651 -0.881877697211548 -0.0294188851469285 -0.268915860334541 -0.475252930521435 -0.0230504110019466 0.00677461499095933 -0.607411166759221 -0.790635567454996 -0.607345466804536 0.436865275122259 0.361397575057342 0.933739342346538 0.051995479175052 -0.43576521517328 -0.234479057432206 -0.800127840574787 -0.846061881847981 0.0934843938520015 -0.436865275122259 -0.247054811389917 0.330461257415105 0.5200504930309 0.0347928604561763 0.0347928604561762 -0.863956688467602 0.904620415527217 0.142516598249066 -0.303256301146164 -0.853529054973963 -0.598866258599659 -0.598866258599659 -0.614165219437525 -0.652718123395782 -0.691766000472557 0.140399441892186 -0.416453439032539 0.133482615524841 -0.0160884623987533 0.383748690105825 -0.583970314378094 0.199094924638274 0.0348291576086438 -0.624687576980672 -0.608782181620081 -0.485325785876886 -0.65271810187022 -0.595046736683472 -0.603705479626645 0.599490592367306 0.70563037888181
double_cherries 0.047467876865779 -0.209581243907687 -0.387789785900073 -0.436786651227621 0.123359220195052 0.290020916148928 -0.506224705434301 0.306880572728305 0.306880572728305 -0.625431447530394 0.756825252719857 0.18530610017557 0.185663936235324 -0.00252389204892908 0.133126498596032 0.136166231693812 1 -0.598288418227781 -0.136166231693811 -0.0759756859703433 -0.396249889946571 0.195080815005723 0.619346232791691 0.218034570305879 -0.657033349554197 -0.124992393886162 0.293517996416432 0.0884095241743059 0.302816679821362 0.594273404132675 0.493565174491372 0.304979882494423 -0.144220003225201 -0.246349858724259 -0.491758647014639 -0.372482670108493 -0.355511944051984 0.448010610042733 -0.594273404132675 -0.512298572872114 0.81525356498619 0.67253181822414 -0.209581243907687 -0.209581243907688 -0.556775154762472 0.367459774631159 0.12726313938348 -0.755738767010283 -0.532814518005956 0.185685185167831 0.18568518516783 0.221182124052228 0.146488031306513 0.153381873911732 0.244461027035998 0.289353534138645 0.195752496057274 -0.129337279906104 0.0194198024943685 -0.385124811673061 -0.395749840775314 -0.524606550279551 0.178984908476516 0.178721380541666 0.270979667572106 0.146488051928338 0.291450780814122 0.167262860669625 0.301203116054983 0.236864643033241
four_prong -0.0707896873672875 -0.0865392004638458 0.0556601974216939 -0.0916264413175658 -0.315427892837958 0.232613700718709 0.350048553723677 0.048523241016765 0.048523241016765 0.350053158916743 0.929406174362418 -0.267340199381652 0.166139399402831 0.185753902520162 0.168503671857766 -0.350301676144666 -0.598288418227781 1 0.350301676144666 -0.173704154990489 0.291503326697128 -0.650995128530159 -0.344696311695126 0.171531685856421 0.550945946289403 -0.142769260098579 0.0377249409221288 0.206266881995744 0.0306735888699396 -0.574568100026346 -0.0930163128305439 -0.389646589832608 0.574078149100479 0.455494148827313 0.362485579188512 0.15007142737094 0.269832940468305 0.209677337546232 0.574568100026346 0.364133614852173 -0.457232764952438 -0.271982855614713 -0.0865392004638459 -0.0865392004638459 0.421460535626454 -0.260674318546278 -0.318177552916065 0.697699505228785 0.382976427460952 0.187800237630452 0.187800237630453 0.0502280371860372 0.191367600358471 0.230639706086858 -0.397207191071606 -0.171148620132738 -0.371252227624679 -0.132220223308834 -0.402458604680236 0.464216442056343 0.357593006182373 0.344858314074214 0.207866210001587 0.0945067310543466 0.242395125792413 0.191367583116285 0.0197563602527438 0.104188124678323 -0.190414174174818 -0.538134631957058
il_number 0.202537232847023 -0.0347928604561765 0.00294190427864402 0.357423470848815 -0.144329573920488 -0.476882141982525 0.742184636550161 0.611680741481378 0.611680741481378 0.458090988193984 0.993227448681887 -0.0542346956002692 0.594182757618708 0.959172292576404 0.862671508093588 -1 -0.136166231693811 0.350301676144666 1 -0.501359477962651 0.881877697211547 0.0294188851469289 0.268915860334542 0.475252930521435 0.0230504110019465 -0.00677461499095939 0.607411166759221 0.790635567454996 0.607345466804536 -0.436865275122259 -0.361397575057342 -0.933739342346538 -0.0519954791750521 0.43576521517328 0.234479057432206 0.800127840574788 0.846061881847981 -0.0934843938520015 0.436865275122259 0.247054811389917 -0.330461257415105 -0.5200504930309 -0.0347928604561766 -0.0347928604561765 0.863956688467602 -0.904620415527217 -0.142516598249066 0.303256301146164 0.853529054973963 0.598866258599659 0.598866258599659 0.614165219437525 0.652718123395782 0.691766000472557 -0.140399441892187 0.416453439032539 -0.133482615524841 0.0160884623987531 -0.383748690105825 0.583970314378095 -0.199094924638274 -0.034829157608644 0.624687576980672 0.608782181620081 0.485325785876886 0.65271810187022 0.595046736683473 0.603705479626645 -0.599490592367306 -0.70563037888181
pitchforks -0.289340054051019 0.316722361500605 0.235366279430284 -0.0598393162573551 0.435399017941742 0.497242631019273 -0.611737401623929 -0.54504738342657 -0.54504738342657 0.0128035451404232 0.990928331331017 -0.275700997545579 -0.539626981223917 -0.430411115056044 -0.606408762143737 0.501359477962651 -0.0759756859703433 -0.173704154990489 -0.501359477962651 1 -0.214829041380384 -0.150935545934304 -0.289343471694653 -0.358550791707794 -0.272240901137494 0.137833292178395 -0.537479034158546 -0.456363860175689 -0.528958647959395 0.654911530471327 0.611476795187541 0.67525329397284 -0.22291549410564 -0.665172758842224 -0.589138536098917 -0.477576234585984 -0.201514288781134 -0.556460630557838 -0.654911530471327 -0.592431461896721 0.182667131664569 0.475036057683423 0.316722361500605 0.316722361500605 -0.397921239460067 0.480162322033895 0.436196908256609 -0.505915730046477 -0.357906339442383 -0.514111305366867 -0.514111305366867 -0.626635923665197 -0.517529056485209 -0.386930095291296 0.431347529684737 -0.156502405276607 0.439426180651778 0.344063916306702 0.0224079077409725 -0.746817766163174 -0.0106584310952722 0.14698214045685 -0.469267098865406 -0.598439093592534 -0.293131242633881 -0.517529046871463 -0.591419608922239 -0.593785628030077 0.458449666388759 0.300880831986983
stairs 0.0994998505173269 0.227748541435119 0.278075679205076 0.647680964000033 0.0603047458289991 -0.60899359807597 0.73719102881724 0.246923574820214 0.246923574820214 0.752092189756735 0.0541425609277052 -0.196757387795959 0.24819237990499 0.825364753749205 0.58290135099123 -0.881877697211548 -0.396249889946571 0.291503326697128 0.881877697211547 -0.214829041380384 1 0.116286512668044 0.00188496364816441 0.145036584017015 0.0772508285841106 0.0411997464078593 0.247656258518531 0.582544876669862 0.249181237681108 -0.322051429973323 -0.403808183074661 -0.814147653434369 -0.305511663071468 0.189314314678964 0.156674479612354 0.876104486652224 0.972037328214241 -0.502010019497658 0.322051429973323 0.179637386498456 -0.578043888023473 -0.670530900240174 0.227748541435119 0.227748541435119 0.920761145332267 -0.9534409201161 0.061834316881676 0.271422622246648 0.925991428381374 0.253712987520947 0.253712987520947 0.27028018649174 0.338218136171735 0.401412475985778 0.0282808644480564 0.282183911735049 0.0588407834910719 0.234125293375761 -0.192509190841932 0.399738438856704 -0.168108671736812 0.0130755377919788 0.293830995656127 0.279105249111702 0.120189638563786 0.338218109647509 0.23102084609529 0.277135455874075 -0.662284974425173 -0.590778328646962
laplace_spectrum_a 0.709290358326228 -0.320835111812732 -0.360724791987601 0.209938098226249 -0.284063076439926 -0.621752402589947 -0.0419304601058872 -0.000580922018616562 -0.000580922018616562 0.270361216220303 0.570119856695693 0.672113315576258 -0.226154612976544 0.128924685163313 -0.0367257386938772 -0.0294188851469285 0.195080815005723 -0.650995128530159 0.0294188851469289 -0.150935545934304 0.116286512668044 1 0.589418597623603 0.0560633091597348 0.143294574118724 0.0729315016396239 -0.0185920082414658 -0.262952275323199 -0.0268652125499663 0.0692598325496226 -0.424694704741376 -0.0235327261171931 -0.27793451811239 0.0476838286807682 0.188692122989492 0.312432129239401 0.10332703034922 -0.21252385041008 -0.0692598325496224 0.193005932877414 0.220666636867157 -0.0954321701300743 -0.320835111812732 -0.320835111812732 -0.0208401231153203 -0.202114748829489 -0.279707816658655 -0.153068588460416 -0.0444995390852349 -0.254212515746342 -0.254212515746343 -0.0319159445908176 -0.262436475963006 -0.362199622426096 -0.245431933713653 -0.322834784748283 -0.227674062629589 -0.0529643762298103 0.176734275027368 0.0807447813323764 -0.742673681494427 -0.660134001995177 -0.300398297008185 -0.140540535025743 -0.397999065527572 -0.262436483564575 0.00947749688033696 -0.161821123983073 0.180902827742905 0.599084824863509
laplace_spectrum_p 0.750199607268198 -0.743356361539301 -0.833750043251759 -0.438679150122085 -0.551611100358877 -0.053910289783792 -0.234552742891413 0.571211784061559 0.571211784061559 -0.122266646817734 0.429932568577211 0.746126275971783 0.318890608191856 0.366011590455652 0.396178251010684 -0.268915860334541 0.619346232791691 -0.344696311695126 0.268915860334542 -0.289343471694653 0.00188496364816441 0.589418597623603 1 0.68971409468259 -0.0398130123238606 -0.173448716209929 0.534854046649574 0.138053111505781 0.52859680171427 0.0642051690686169 -0.0331326981397714 -0.116889589217148 0.235885556473632 0.349039460738197 0.101525817645118 0.0180768579888045 -0.0470838686227612 0.385767483966055 -0.0642051690686165 0.0820414502501962 0.720579154286996 0.379495860483559 -0.7433563615393 -0.7433563615393 -0.146568444422089 -0.0543713619324934 -0.546327094248446 -0.243133019543436 -0.188608491298035 0.313829586782668 0.313829586782668 0.431540437560154 0.253499332362027 0.194903735688042 -0.446731518968649 -0.105244319178226 -0.472916366614884 -0.424330697729503 -0.436121857430465 0.214110070586463 -0.854161089327021 -0.724976106535772 0.277428800541043 0.315541948392819 0.337276127331387 0.253499331508459 0.529881886625041 0.290185506808909 0.399273896181723 0.263447342058056
laplace_spectrum_e 0.447199193246344 -0.764160170256866 -0.759535726151173 -0.561021893324007 -0.671896002230621 0.0910427350253545 0.0948593610455103 0.889565461595194 0.889565461595194 -0.148559532821414 0.725707714291909 0.599383117453308 0.780533998078527 0.432388355965035 0.705566027512899 -0.475252930521435 0.218034570305879 0.171531685856421 0.475252930521435 -0.358550791707794 0.145036584017015 0.0560633091597348 0.68971409468259 1 0.110443348276893 -0.397281925376468 0.867140972625149 0.559318460397125 0.860491766934309 -0.427168719939286 -0.217202748517033 -0.414832337762335 0.626198046366857 0.759324760845886 0.450925324577398 -0.00588007295801091 -0.0117599116667375 0.471002195050288 0.427168719939286 0.429580375823845 0.397099007257429 0.107333055434284 -0.764160170256866 -0.764160170256866 0.188269305710984 -0.176028098162216 -0.671704005221746 0.226484871066894 0.133609211143552 0.786053513506749 0.78605351350675 0.794608123275579 0.729604236870064 0.659235672844073 -0.593673291952241 0.125958002188717 -0.649281403797923 -0.713006053724974 -0.880730571166314 0.623125088292201 -0.399107168596853 -0.120825971627087 0.758914361284607 0.736526031633722 0.807189055976367 0.729604232545777 0.848944291531838 0.722941801460543 0.115505690266354 -0.319289538394754
laplace_spectrum_g 0.546334848837401 -0.483041057665224 -0.311795389639776 -0.0699624383634858 -0.748810652252451 -0.195189028676609 0.197309331992406 -0.162803761687102 -0.162803761687102 0.518080114316821 0.185336742883735 0.436309736886693 -0.204850614763321 -0.110561876052603 -0.177555913562661 -0.0230504110019466 -0.657033349554197 0.550945946289403 0.0230504110019465 -0.272240901137494 0.0772508285841106 0.143294574118724 -0.0398130123238606 0.110443348276893 1 -0.154012089375525 -0.189568477574362 -0.332823654875609 -0.210359267121443 -0.694881294839559 -0.584531649377902 -0.182577566811537 0.602560814263028 0.615924992299254 0.776679694404231 0.172119072693306 0.0228874341175069 0.155651792209054 0.694881294839559 0.778392256228734 -0.336711083963682 -0.364508831296428 -0.483041057665224 -0.483041057665224 0.202995116601715 -0.160473936222199 -0.750439465877066 0.823003120308161 0.121397496581997 -0.213777580687969 -0.213777580687969 -0.160248239121294 -0.245493223647064 -0.35844686097028 -0.830969333205324 -0.769447399377191 -0.786401138276945 -0.354415103884218 -0.195449808312147 0.604076270532116 -0.0871537970424847 -0.0841058690611484 -0.260873019543255 -0.207343777728156 -0.286327188893177 -0.245493245490654 -0.166664270834914 -0.21219736617713 0.138012578526423 0.18759999694512
min_laplace 0.040892957133955 0.447275454338672 0.429868413655138 0.465100113355077 0.358694946753437 -0.164042314054182 0.150749760637062 -0.240727203348905 -0.240727203348905 -0.0795095734349159 -0.310209447950042 -0.326428464665448 -0.217180287082814 0.211548365203017 -0.103112080327446 0.00677461499095933 -0.124992393886162 -0.142769260098579 -0.00677461499095939 0.137833292178395 0.0411997464078593 0.0729315016396239 -0.173448716209929 -0.397281925376468 -0.154012089375525 1 -0.205878153241263 -0.222930179827385 -0.206219934868998 0.195242065320397 0.200133196232603 -0.0255019872045385 -0.412416890786768 -0.42312135950175 -0.36900146931046 0.300668801305668 0.207977144025173 -0.391954554825637 -0.195242065320397 -0.35002580745434 -0.102272230939786 -0.0211356072351349 0.447275454338672 0.447275454338672 0.0955717883327803 -0.0544613707481196 0.361835474242046 -0.112322549847451 0.125359220292856 -0.225545772414277 -0.225545772414277 -0.199067798570993 -0.205130276388274 -0.0986986173641643 0.320155937962435 0.142138356059014 0.372252442630233 0.807023737593323 0.537808614357122 -0.288617832240119 0.174646507030269 0.235533548704807 -0.206578446010547 -0.183254269265727 -0.198840575536636 -0.205130270501542 -0.203607155995607 -0.178808618904586 0.0839354051862504 0.14723001433507
max_laplace 0.167345342878692 -0.429623902841364 -0.436772942976448 -0.275337936381009 -0.346881007806157 -0.115218171350858 0.379100017600567 0.998094118895955 0.998094118895955 -0.301195243747795 0.0921421330678892 0.329141405686766 0.968705458001772 0.593734740968757 0.912693463705609 -0.607411166759221 0.293517996416432 0.0377249409221288 0.607411166759221 -0.537479034158546 0.247656258518531 -0.0185920082414658 0.534854046649574 0.867140972625149 -0.189568477574362 -0.205878153241263 1 0.819752973753585 0.999734283618126 -0.42053798737529 -0.260630754822923 -0.606828595965731 0.312392327760585 0.635972304108569 0.333153260595406 0.193967045577326 0.129258025604319 0.397302734378424 0.42053798737529 0.321894978921444 0.220912882936498 -0.0981949024800526 -0.429623902841364 -0.429623902841363 0.361001311932364 -0.337986280279362 -0.347466712394972 0.156633018258472 0.338894173203737 0.965407198433685 0.965407198433685 0.98411926941951 0.946194122749843 0.890305472208205 -0.266626174646021 0.554802872928055 -0.330325738874828 -0.488411858481115 -0.623623871705622 0.605204456840508 -0.131922661760194 0.0944371539195647 0.949630529023789 0.964001574947178 0.90354705533888 0.946194123448491 0.996831778859724 0.957310368774278 -0.246609463386611 -0.557019593676618
min_adj -0.231760663483811 0.0458707619634561 0.0520901958010039 0.119676510173774 0.0559963059719538 -0.228847847041925 0.633571969486444 0.806822686612391 0.806822686612391 -0.0255262948478505 -0.349912955974272 -0.162731766077983 0.881704814495664 0.716851823974927 0.932070480528216 -0.790635567454996 0.0884095241743059 0.206266881995744 0.790635567454996 -0.456363860175689 0.582544876669862 -0.262952275323199 0.138053111505781 0.559318460397125 -0.332823654875609 -0.222930179827385 0.819752973753585 1 0.827675011839983 -0.361404483577249 -0.225951996016763 -0.766951986692906 -0.017419041413006 0.401696422574948 0.152589983171556 0.433210984094818 0.494075807947632 0.093724817356301 0.361404483577249 0.155687288254392 -0.201777939501068 -0.380883798728261 0.045870761963456 0.0458707619634561 0.654479982715116 -0.611560381978747 0.0544285413653396 0.143819877298318 0.667960054624942 0.887254795799062 0.887254795799061 0.846498870308692 0.932020461793015 0.947174335195712 0.0977272546774279 0.782108399759245 0.0499954938900868 -0.19311634389967 -0.453790419323525 0.491320692197764 0.127361937012231 0.27808826470337 0.913025851084136 0.884469747114028 0.789014168924182 0.932020456051124 0.808479326944373 0.887676964551604 -0.682478092228696 -0.887260863873352
max_adj 0.149484147986322 -0.41410446996957 -0.424307404065025 -0.27070435308524 -0.326923416945881 -0.110210060480326 0.376592104193179 0.997237630475594 0.997237630475594 -0.307524383187424 0.105684722883471 0.313509577243548 0.970436088588375 0.594625078639565 0.9143375399047 -0.607345466804536 0.302816679821362 0.0306735888699396 0.607345466804536 -0.528958647959395 0.249181237681108 -0.0268652125499663 0.52859680171427 0.860491766934309 -0.210359267121443 -0.206219934868998 0.999734283618126 0.827675011839983 1 -0.40576230634508 -0.247664583133534 -0.603152155574512 0.29788221898104 0.62063611802198 0.315642001217697 0.190877887662169 0.131803280768973 0.390701377676935 0.40576230634508 0.304470862773833 0.221788302647022 -0.0937420773804545 -0.41410446996957 -0.41410446996957 0.359327380329463 -0.336392954144494 -0.327510373717225 0.140498038352108 0.339271410356982 0.967541683577355 0.967541683577355 0.983749879791617 0.949708016520242 0.896949653362878 -0.245663458863329 0.571474054800726 -0.31013472062617 -0.479394406288772 -0.618942163931663 0.591005649757168 -0.125729310367769 0.0992222407175698 0.953296443110362 0.965517116361754 0.907204142197558 0.949708017568684 0.995891801604175 0.959092656074114 -0.254322662307457 -0.565122277837306
imbalance_steps -0.253949237916047 0.359082337747968 0.173461948478461 -0.0468633362792683 0.624359593916212 0.403307492203964 -0.697833709179224 -0.421485085641992 -0.421485085641992 -0.276935334690082 0.995558928199306 -0.295846823281569 -0.481294301220894 -0.268277535168456 -0.456308048461806 0.436865275122259 0.594273404132675 -0.574568100026346 -0.436865275122259 0.654911530471327 -0.322051429973323 0.0692598325496226 0.0642051690686169 -0.427168719939286 -0.694881294839559 0.195242065320397 -0.42053798737529 -0.361404483577249 -0.40576230634508 1 0.810273119600203 0.676726395631837 -0.545145961695947 -0.881893346391956 -0.923673784121582 -0.414596404579224 -0.210110486916181 -0.252194004577029 -1 -0.929315978568974 0.517021615033285 0.689656312549363 0.359082337747968 0.359082337747968 -0.603515849768627 0.483519839176067 0.62869470972241 -0.953673202813896 -0.539517238734551 -0.466005118924119 -0.466005118924119 -0.506449638728265 -0.463984505965443 -0.330694086536736 0.678742375151508 0.0959641315234051 0.678712877312607 0.46857007332568 0.356837754394605 -0.952033441678999 -0.22329383164556 -0.315700166906299 -0.425119717798582 -0.502712256400276 -0.283244666727842 -0.46398448737974 -0.45207982965421 -0.504764355055815 0.394561560134525 0.421308538496821
